0.001938 
0.003876 
0.007752 
0.007752 
0.009690 
0.015504 
0.015504 
0.013566 
0.019380 
0.032946 
0.046512 
0.067829 
0.091085 
0.114341 
0.125969 
0.147287 
0.156977 
0.182171 
0.189922 
0.218992 
0.232558 
0.257752 
0.331395 
0.379845 
0.424419 
0.480620 
0.529070 
0.565891 
0.602713 
0.625969 
0.629845 
0.639535 
0.643411 
0.641473 
0.660853 
0.682171 
0.682171 
0.705426 
0.720930 
0.722868 
0.726744 
0.709302 
0.724806 
0.722868 
0.732558 
0.728682 
0.732558 
0.750000 
0.750000 
0.718992 
0.689922 
0.699612 
0.722868 
0.715116 
0.724806 
0.726744 
0.728682 
0.744186 
0.728682 
0.715116 
0.728682 
0.717054 
0.718992 
0.744186 
0.757752 
0.757752 
0.750000 
0.750000 
0.757752 
0.771318 
0.775194 
0.784884 
0.769380 
0.734496 
0.767442 
0.767442 
0.759690 
0.781008 
0.788760 
0.792636 
0.761628 
0.757752 
0.757752 
0.769380 
0.759690 
0.767442 
0.771318 
0.808140 
0.810078 
0.808140 
0.790698 
0.775194 
0.786822 
0.794574 
0.765504 
0.769380 
0.753876 
0.769380 
0.767442 
0.751938 
