0.000883 
0.002648 
0.003530 
0.005296 
0.008826 
0.015887 
0.037070 
0.103266 
0.246249 
0.403354 
0.561342 
0.664607 
0.714916 
0.735216 
0.756399 
0.763460 
0.786408 
0.779347 
0.794351 
0.786408 
0.794351 
0.802295 
0.791703 
0.789056 
0.811121 
0.813769 
0.804060 
0.807590 
0.811121 
0.809356 
0.798764 
0.799647 
0.793469 
0.797882 
0.804943 
0.812886 
0.819947 
0.808473 
0.821712 
0.832304 
0.828773 
0.821712 
0.818182 
0.821712 
0.816417 
0.822595 
0.830538 
0.801412 
0.813769 
0.811121 
0.813769 
0.806708 
0.810238 
0.806708 
0.810238 
0.796117 
0.815534 
0.814651 
0.811121 
0.793469 
0.802295 
0.818182 
0.794351 
0.790821 
0.796999 
0.807590 
0.800530 
0.805825 
0.807590 
0.807590 
0.800530 
0.787290 
0.789938 
0.800530 
0.794351 
0.777582 
0.796117 
0.800530 
0.805825 
0.798764 
0.782877 
0.796999 
0.810238 
0.817299 
0.819064 
0.835834 
0.831421 
0.827891 
0.804943 
0.819064 
0.808473 
0.812886 
0.801412 
0.813769 
0.812004 
0.816417 
0.797882 
0.803177 
0.825243 
0.812004 
