0.002439 
0.002439 
0.002439 
0.004878 
0.017073 
0.051220 
0.129268 
0.243902 
0.392683 
0.482927 
0.641463 
0.726829 
0.780488 
0.804878 
0.817073 
0.841463 
0.851220 
0.843902 
0.890244 
0.897561 
0.880488 
0.860976 
0.870732 
0.848780 
0.839024 
0.858537 
0.851220 
0.868293 
0.856098 
0.882927 
0.887805 
0.843902 
0.858537 
0.858537 
0.839024 
0.836585 
0.873171 
0.890244 
0.843902 
0.834146 
0.824390 
0.878049 
0.880488 
0.882927 
0.846341 
0.868293 
0.836585 
0.870732 
0.904878 
0.858537 
0.841463 
0.878049 
0.860976 
0.853659 
0.851220 
0.848780 
0.858537 
0.875610 
0.870732 
0.885366 
0.841463 
0.878049 
0.868293 
0.878049 
0.875610 
0.858537 
0.848780 
0.863415 
0.875610 
0.856098 
0.858537 
0.848780 
0.870732 
0.875610 
0.860976 
0.878049 
0.856098 
0.885366 
0.882927 
0.843902 
0.892683 
0.875610 
0.885366 
0.875610 
0.873171 
0.873171 
0.865854 
0.863415 
0.846341 
0.853659 
0.856098 
0.829268 
0.846341 
0.882927 
0.848780 
0.868293 
0.863415 
0.863415 
0.875610 
0.851220 
