416 5 0.0262802061244 23.3839050424 23.3823206232 3.2360679775
417 6 0.0262802060794 23.3839050484 23.3823206232 3.44948974278
418 7 0.0262802060342 23.3839050543 23.3823206232 3.64575131106
419 8 0.0262802059887 23.3839050603 23.3823206232 3.82842712475
420 9 0.0262802059428 23.3839050663 23.3823206232 4.0
421 10 0.0262802058967 23.3839050723 23.3823206232 4.16227766017
422 11 0.0262802058502 23.3839050783 23.3823206232 4.31662479036
423 12 0.0262802058035 23.3839050844 23.3823206232 4.46410161514
424 13 0.0262802057564 23.3839050905 23.3823206232 4.60555127546
425 14 0.026280205709 23.3839050966 23.3823206232 4.74165738677
426 15 0.0262802056613 23.3839051027 23.3823206232 4.87298334621
427 16 0.0262802056133 23.3839051089 23.3823206232 5.0
428 17 0.0262802055649 23.3839051151 23.3823206232 5.12310562562
429 18 0.0262802055163 23.3839051213 23.3823206232 5.24264068712
430 19 0.0262802054673 23.3839051276 23.3823206232 5.35889894354
431 20 0.0262802054179 23.3839051338 23.3823206232 5.472135955
432 21 0.0262802053683 23.3839051401 23.3823206232 5.58257569496
433 22 0.0262802053183 23.3839051465 23.3823206232 5.69041575982
434 23 0.0262802052679 23.3839051528 23.3823206232 5.79583152331
435 24 0.0262802052172 23.3839051592 23.3823206232 5.89897948557
436 25 0.0262802051662 23.3839051656 23.3823206232 6.0
437 26 0.0262802051148 23.383905172 23.3823206232 6.09901951359
438 27 0.0262802050631 23.3839051785 23.3823206232 6.19615242271
439 28 0.026280205011 23.383905185 23.3823206232 6.29150262213
440 29 0.0262802049585 23.3839051915 23.3823206232 6.38516480713
441 30 0.0262802049057 23.383905198 23.3823206232 6.47722557505
442 31 0.0262802048526 23.3839052046 23.3823206232 6.56776436283
443 32 0.026280204799 23.3839052112 23.3823206232 6.65685424949
444 33 0.0262802047451 23.3839052178 23.3823206232 6.74456264654
445 34 0.0262802046908 23.3839052245 23.3823206232 6.83095189485
446 35 0.0262802046361 23.3839052312 23.3823206232 6.9160797831
447 36 0.0262802045811 23.3839052379 23.3823206232 7.0
448 37 0.0262802045256 23.3839052446 23.3823206232 7.0827625303
449 38 0.0262802044698 23.3839052514 23.3823206232 7.16441400297
450 39 0.0262802044136 23.3839052582 23.3823206232 7.2449979984
451 40 0.026280204357 23.383905265 23.3823206232 7.32455532034
452 41 0.0262802043 23.3839052719 23.3823206232 7.40312423743
453 42 0.0262802042426 23.3839052787 23.3823206232 7.48074069841
454 43 0.0262802041848 23.3839052857 23.3823206232 7.5574385243
455 44 0.0262802041265 23.3839052926 23.3823206232 7.63324958071
456 45 0.0262802040679 23.3839052996 23.3823206232 7.7082039325
457 46 0.0262802040088 23.3839053066 23.3823206232 7.78232998313
458 47 0.0262802039493 23.3839053136 23.3823206232 7.8556546004
459 48 0.0262802038894 23.3839053207 23.3823206232 7.92820323028
460 49 0.0262802038291 23.3839053278 23.3823206232 8.0
461 50 0.0262802037683 23.3839053349 23.3823206232 8.07106781187
462 51 0.0262802037071 23.3839053421 23.3823206232 8.14142842854
463 52 0.0262802036455 23.3839053493 23.3823206232 8.21110255093
464 53 0.0262802035834 23.3839053565 23.3823206232 8.28010988928
465 54 0.0262802035208 23.3839053638 23.3823206232 8.34846922835
466 55 0.0262802034578 23.3839053711 23.3823206232 8.4161984871
467 56 0.0262802033944 23.3839053784 23.3823206232 8.48331477355
468 57 0.0262802033305 23.3839053858 23.3823206232 8.54983443527
469 58 0.0262802032661 23.3839053932 23.3823206232 8.61577310586
470 59 0.0262802032012 23.3839054006 23.3823206232 8.68114574787
471 60 0.0262802031359 23.3839054081 23.3823206232 8.74596669241
472 61 0.0262802030701 23.3839054156 23.3823206232 8.81024967591
473 62 0.0262802030038 23.3839054231 23.3823206232 8.87400787401
474 63 0.026280202937 23.3839054307 23.3823206232 8.93725393319
475 64 0.0262802028698 23.3839054383 23.3823206232 9.0
476 65 0.026280202802 23.3839054459 23.3823206232 9.0622577483
477 66 0.0262802027337 23.3839054536 23.3823206232 9.12403840464
478 67 0.0262802026649 23.3839054613 23.3823206232 9.18535277187
479 68 0.0262802025956 23.383905469 23.3823206232 9.24621125124
480 69 0.0262802025258 23.3839054768 23.3823206232 9.30662386292
481 70 0.0262802024555 23.3839054846 23.3823206232 9.36660026534
482 71 0.0262802023846 23.3839054924 23.3823206232 9.42614977318
483 72 0.0262802023132 23.3839055003 23.3823206232 9.48528137424
484 73 0.0262802022413 23.3839055083 23.3823206232 9.54400374532
485 74 0.0262802021688 23.3839055162 23.3823206232 9.60232526704
486 75 0.0262802020958 23.3839055242 23.3823206232 9.66025403784
487 76 0.0262802020222 23.3839055322 23.3823206232 9.71779788708
488 77 0.0262802019481 23.3839055403 23.3823206232 9.77496438739
489 78 0.0262802018734 23.3839055484 23.3823206232 9.83176086633
490 79 0.0262802017981 23.3839055566 23.3823206232 9.88819441732
491 80 0.0262802017223 23.3839055648 23.3823206232 9.94427191
492 81 0.0262802016458 23.383905573 23.3823206232 10.0
493 82 0.0262802015688 23.3839055813 23.3823206232 10.0553851381
494 83 0.0262802014912 23.3839055896 23.3823206232 10.1104335791
495 84 0.026280201413 23.3839055979 23.3823206232 10.1651513899
496 85 0.0262802013342 23.3839056063 23.3823206232 10.2195444573
497 86 0.0262802012548 23.3839056147 23.3823206232 10.2736184955
498 87 0.0262802011748 23.3839056232 23.3823206232 10.3273790531
499 88 0.0262802010941 23.3839056317 23.3823206232 10.3808315196
500 89 0.0262802010128 23.3839056403 23.3823206232 10.4339811321
501 90 0.0262802009309 23.3839056488 23.3823206232 10.4868329805
502 91 0.0262802008483 23.3839056575 23.3823206232 10.5393920142
503 92 0.0262802007651 23.3839056662 23.3823206232 10.5916630466
504 93 0.0262802006812 23.3839056749 23.3823206232 10.643650761
505 94 0.0262802005967 23.3839056836 23.3823206232 10.6953597148
506 95 0.0262802005115 23.3839056924 23.3823206232 10.7467943448
507 96 0.0262802004256 23.3839057013 23.3823206232 10.7979589711
508 97 0.0262802003391 23.3839057102 23.3823206232 10.8488578018
509 98 0.0262802002518 23.3839057191 23.3823206232 10.8994949366
510 99 0.0262802001639 23.3839057281 23.3823206232 10.9498743711
511 100 0.0262802000752 23.3839057371 23.3823206232 11.0
512 101 0.0262801999859 23.3839057462 23.3823206232 11.0498756211
513 102 0.0262801998958 23.3839057553 23.3823206232 11.0995049384
514 103 0.026280199805 23.3839057645 23.3823206232 11.1488915651
515 104 0.0262801997134 23.3839057737 23.3823206232 11.1980390272
516 105 0.0262801996212 23.3839057829 23.3823206232 11.246950766
517 106 0.0262801995281 23.3839057922 23.3823206232 11.295630141
518 107 0.0262801994344 23.3839058016 23.3823206232 11.3440804328
519 108 0.0262801993398 23.383905811 23.3823206232 11.3923048454
520 109 0.0262801992445 23.3839058204 23.3823206232 11.4403065089
521 110 0.0262801991484 23.3839058299 23.3823206232 11.4880884817
522 111 0.0262801990515 23.3839058395 23.3823206232 11.5356537529
523 112 0.0262801989538 23.3839058491 23.3823206232 11.5830052443
524 113 0.0262801988553 23.3839058587 23.3823206232 11.6301458127
525 114 0.026280198756 23.3839058684 23.3823206232 11.677078252
526 115 0.0262801986559 23.3839058781 23.3823206232 11.7238052948
527 116 0.0262801985549 23.3839058879 23.3823206232 11.7703296143
528 117 0.0262801984531 23.3839058978 23.3823206232 11.8166538264
529 118 0.0262801983505 23.3839059077 23.3823206232 11.8627804912
530 119 0.026280198247 23.3839059176 23.3823206232 11.9087121146
531 120 0.0262801981426 23.3839059276 23.3823206232 11.9544511501
532 121 0.0262801980373 23.3839059377 23.3823206232 12.0
533 122 0.0262801979312 23.3839059478 23.3823206232 12.0453610172
534 123 0.0262801978241 23.3839059579 23.3823206232 12.0905365064
535 124 0.0262801977162 23.3839059682 23.3823206232 12.1355287257
536 125 0.0262801976073 23.3839059784 23.3823206232 12.1803398875
537 126 0.0262801974975 23.3839059887 23.3823206232 12.2249721603
538 127 0.0262801973868 23.3839059991 23.3823206232 12.2694276696
539 128 0.0262801972751 23.3839060096 23.3823206232 12.313708499
540 129 0.0262801971625 23.38390602 23.3823206232 12.3578166916
541 130 0.0262801970489 23.3839060306 23.3823206232 12.401754251
542 131 0.0262801969343 23.3839060412 23.3823206232 12.4455231423
543 132 0.0262801968187 23.3839060519 23.3823206232 12.4891252931
544 133 0.0262801967021 23.3839060626 23.3823206232 12.5325625947
545 134 0.0262801965845 23.3839060734 23.3823206232 12.5758369028
546 135 0.0262801964659 23.3839060842 23.3823206232 12.6189500386
547 136 0.0262801963462 23.3839060951 23.3823206232 12.6619037897
548 137 0.0262801962255 23.383906106 23.3823206232 12.7046999107
549 138 0.0262801961038 23.3839061171 23.3823206232 12.7473401245
550 139 0.026280195981 23.3839061281 23.3823206232 12.7898261226
551 140 0.026280195857 23.3839061393 23.3823206232 12.8321595662
552 141 0.026280195732 23.3839061505 23.3823206232 12.874342087
553 142 0.0262801956059 23.3839061617 23.3823206232 12.9163752878
554 143 0.0262801954787 23.3839061731 23.3823206232 12.9582607431
555 144 0.0262801953503 23.3839061845 23.3823206232 13.0
556 145 0.0262801952207 23.3839061959 23.3823206232 13.0415945788
557 146 0.0262801950901 23.3839062074 23.3823206232 13.0830459736
558 147 0.0262801949582 23.383906219 23.3823206232 13.124355653
559 148 0.0262801948251 23.3839062307 23.3823206232 13.1655250606
560 149 0.0262801946909 23.3839062424 23.3823206232 13.2065556157
561 150 0.0262801945554 23.3839062542 23.3823206232 13.2474487139
562 151 0.0262801944187 23.383906266 23.3823206232 13.2882057274
563 152 0.0262801942808 23.3839062779 23.3823206232 13.3288280059
564 153 0.0262801941416 23.3839062899 23.3823206232 13.3693168769
565 154 0.0262801940011 23.383906302 23.3823206232 13.409673646
566 155 0.0262801938593 23.3839063141 23.3823206232 13.449899598
567 156 0.0262801937162 23.3839063263 23.3823206232 13.4899959968
568 157 0.0262801935718 23.3839063386 23.3823206232 13.5299640861
569 158 0.0262801934261 23.3839063509 23.3823206232 13.56980509
570 159 0.026280193279 23.3839063633 23.3823206232 13.6095202129
571 160 0.0262801931305 23.3839063758 23.3823206232 13.6491106407
572 161 0.0262801929807 23.3839063884 23.3823206232 13.6885775404
573 162 0.0262801928294 23.383906401 23.3823206232 13.7279220614
574 163 0.0262801926767 23.3839064137 23.3823206232 13.7671453348
575 164 0.0262801925226 23.3839064265 23.3823206232 13.8062484749
576 165 0.0262801923671 23.3839064394 23.3823206232 13.8452325787
577 166 0.02628019221 23.3839064523 23.3823206232 13.8840987267
578 167 0.0262801920515 23.3839064653 23.3823206232 13.9228479833
579 168 0.0262801918915 23.3839064784 23.3823206232 13.9614813968
580 169 0.0262801917299 23.3839064916 23.3823206232 14.0
581 170 0.0262801915668 23.3839065048 23.3823206232 14.0384048104
582 171 0.0262801914021 23.3839065182 23.3823206232 14.0766968306
583 172 0.0262801912358 23.3839065316 23.3823206232 14.1148770486
584 173 0.0262801910679 23.3839065451 23.3823206232 14.152946438
585 174 0.0262801908984 23.3839065587 23.3823206232 14.1909059583
586 175 0.0262801907273 23.3839065723 23.3823206232 14.2287565553
587 176 0.0262801905545 23.3839065861 23.3823206232 14.2664991614
588 177 0.02628019038 23.3839065999 23.3823206232 14.3041346957
589 178 0.0262801902038 23.3839066138 23.3823206232 14.3416640641
590 179 0.0262801900258 23.3839066278 23.3823206232 14.3790881603
591 180 0.0262801898461 23.3839066419 23.3823206232 14.416407865
592 181 0.0262801896646 23.3839066561 23.3823206232 14.4536240471
593 182 0.0262801894813 23.3839066704 23.3823206232 14.4907375632
594 183 0.0262801892962 23.3839066847 23.3823206232 14.5277492585
595 184 0.0262801891093 23.3839066992 23.3823206232 14.5646599663
596 185 0.0262801889204 23.3839067137 23.3823206232 14.6014705087
597 186 0.0262801887297 23.3839067284 23.3823206232 14.638181697
598 187 0.0262801885371 23.3839067431 23.3823206232 14.6747943312
599 188 0.0262801883425 23.3839067579 23.3823206232 14.7113092008
600 189 0.0262801881459 23.3839067728 23.3823206232 14.7477270849
601 190 0.0262801879474 23.3839067878 23.3823206232 14.7840487521
602 191 0.0262801877468 23.383906803 23.3823206232 14.8202749611
603 192 0.0262801875442 23.3839068182 23.3823206232 14.8564064606
604 193 0.0262801873395 23.3839068335 23.3823206232 14.8924439894
605 194 0.0262801871326 23.3839068489 23.3823206232 14.9283882772
606 195 0.0262801869237 23.3839068644 23.3823206232 14.9642400438
607 196 0.0262801867126 23.38390688 23.3823206232 15.0
608 197 0.0262801864993 23.3839068957 23.3823206232 15.0356688476
609 198 0.0262801862837 23.3839069115 23.3823206232 15.0712472795
610 199 0.026280186066 23.3839069275 23.3823206232 15.1067359797
611 200 0.0262801858459 23.3839069435 23.3823206232 15.1421356237
612 201 0.0262801856235 23.3839069596 23.3823206232 15.1774468788
613 202 0.0262801853988 23.3839069759 23.3823206232 15.2126704036
614 203 0.0262801851717 23.3839069922 23.3823206232 15.2478068488
615 204 0.0262801849422 23.3839070087 23.3823206232 15.2828568571
616 205 0.0262801847102 23.3839070253 23.3823206232 15.3178210633
617 206 0.0262801844758 23.383907042 23.3823206232 15.3527000944
618 207 0.0262801842388 23.3839070588 23.3823206232 15.3874945699
619 208 0.0262801839993 23.3839070757 23.3823206232 15.4222051019
620 209 0.0262801837572 23.3839070927 23.3823206232 15.4568322948
621 210 0.0262801835125 23.3839071099 23.3823206232 15.4913767462
622 211 0.0262801832652 23.3839071271 23.3823206232 15.5258390463
623 212 0.0262801830151 23.3839071445 23.3823206232 15.5602197786
624 213 0.0262801827623 23.383907162 23.3823206232 15.5945195193
625 214 0.0262801825068 23.3839071797 23.3823206232 15.6287388383
626 215 0.0262801822484 23.3839071974 23.3823206232 15.6628782986
627 216 0.0262801819871 23.3839072153 23.3823206232 15.6969384567
628 217 0.026280181723 23.3839072333 23.3823206232 15.7309198627
629 218 0.0262801814559 23.3839072515 23.3823206232 15.7648230602
630 219 0.0262801811859 23.3839072697 23.3823206232 15.7986485869
631 220 0.0262801809128 23.3839072881 23.3823206232 15.8323969742
632 221 0.0262801806367 23.3839073067 23.3823206232 15.8660687473
633 222 0.0262801803574 23.3839073253 23.3823206232 15.8996644258
634 223 0.026280180075 23.3839073441 23.3823206232 15.9331845231
635 224 0.0262801797894 23.383907363 23.3823206232 15.9666295471
636 225 0.0262801795005 23.3839073821 23.3823206232 16.0
637 226 0.0262801792084 23.3839074013 23.3823206232 16.0332963784
638 227 0.0262801789128 23.3839074207 23.3823206232 16.0665191733
639 228 0.0262801786139 23.3839074402 23.3823206232 16.0996688705
640 229 0.0262801783115 23.3839074598 23.3823206232 16.1327459504
641 230 0.0262801780057 23.3839074796 23.3823206232 16.1657508881
642 231 0.0262801776962 23.3839074995 23.3823206232 16.1986841536
643 232 0.0262801773832 23.3839075196 23.3823206232 16.2315462117
644 233 0.0262801770665 23.3839075398 23.3823206232 16.2643375225
645 234 0.026280176746 23.3839075602 23.3823206232 16.2970585408
646 235 0.0262801764218 23.3839075807 23.3823206232 16.3297097168
647 236 0.0262801760937 23.3839076014 23.3823206232 16.3622914957
648 237 0.0262801757618 23.3839076223 23.3823206232 16.3948043183
649 238 0.0262801754258 23.3839076433 23.3823206232 16.4272486205
650 239 0.0262801750859 23.3839076644 23.3823206232 16.4596248337
651 240 0.0262801747418 23.3839076858 23.3823206232 16.4919333848
652 241 0.0262801743937 23.3839077072 23.3823206232 16.5241746963
653 242 0.0262801740413 23.3839077289 23.3823206232 16.5563491861
654 243 0.0262801736846 23.3839077507 23.3823206232 16.5884572681
655 244 0.0262801733235 23.3839077727 23.3823206232 16.6204993518
656 245 0.0262801729581 23.3839077949 23.3823206232 16.6524758425
657 246 0.0262801725881 23.3839078172 23.3823206232 16.6843871414
658 247 0.0262801722136 23.3839078398 23.3823206232 16.7162336455
659 248 0.0262801718345 23.3839078625 23.3823206232 16.748015748
660 249 0.0262801714506 23.3839078853 23.3823206232 16.7797338381
661 250 0.026280171062 23.3839079084 23.3823206232 16.8113883008
662 251 0.0262801706685 23.3839079317 23.3823206232 16.8429795178
663 252 0.02628017027 23.3839079551 23.3823206232 16.8745078664
664 253 0.0262801698665 23.3839079787 23.3823206232 16.9059737206
665 254 0.0262801694579 23.3839080025 23.3823206232 16.9373774505
666 255 0.0262801690441 23.3839080266 23.3823206232 16.9687194227
667 256 0.026280168625 23.3839080508 23.3823206232 17.0
668 257 0.0262801682005 23.3839080752 23.3823206232 17.0312195419
669 258 0.0262801677706 23.3839080998 23.3823206232 17.0623784042
670 259 0.0262801673351 23.3839081246 23.3823206232 17.0934769394
671 260 0.0262801668939 23.3839081496 23.3823206232 17.1245154966
672 261 0.026280166447 23.3839081748 23.3823206232 17.1554944214
673 262 0.0262801659943 23.3839082003 23.3823206232 17.1864140562
674 263 0.0262801655356 23.3839082259 23.3823206232 17.2172747402
675 264 0.0262801650708 23.3839082518 23.3823206232 17.2480768093
676 265 0.0262801645999 23.3839082779 23.3823206232 17.2788205961
677 266 0.0262801641228 23.3839083042 23.3823206232 17.3095064303
678 267 0.0262801636392 23.3839083308 23.3823206232 17.3401346384
679 268 0.0262801631492 23.3839083575 23.3823206232 17.3707055437
680 269 0.0262801626526 23.3839083845 23.3823206232 17.4012194669
681 270 0.0262801621493 23.3839084118 23.3823206232 17.4316767252
682 271 0.0262801616391 23.3839084393 23.3823206232 17.4620776332
683 272 0.026280161122 23.383908467 23.3823206232 17.4924225025
684 273 0.0262801605978 23.3839084949 23.3823206232 17.5227116419
685 274 0.0262801600664 23.3839085231 23.3823206232 17.5529453572
686 275 0.0262801595276 23.3839085516 23.3823206232 17.5831239518
687 276 0.0262801589814 23.3839085803 23.3823206232 17.6132477258
688 277 0.0262801584276 23.3839086093 23.3823206232 17.6433169771
689 278 0.026280157866 23.3839086385 23.3823206232 17.6733320005
690 279 0.0262801572965 23.383908668 23.3823206232 17.7032930885
691 280 0.026280156719 23.3839086978 23.3823206232 17.7332005307
692 281 0.0262801561333 23.3839087278 23.3823206232 17.7630546142
693 282 0.0262801555392 23.3839087581 23.3823206232 17.7928556237
694 283 0.0262801549367 23.3839087887 23.3823206232 17.8226038413
695 284 0.0262801543255 23.3839088196 23.3823206232 17.8522995464
696 285 0.0262801537054 23.3839088507 23.3823206232 17.8819430161
697 286 0.0262801530764 23.3839088822 23.3823206232 17.9115345253
698 287 0.0262801524383 23.3839089139 23.3823206232 17.9410743461
699 288 0.0262801517908 23.383908946 23.3823206232 17.9705627485
700 289 0.0262801511337 23.3839089783 23.3823206232 18.0
701 290 0.026280150467 23.383909011 23.3823206232 18.0293863659
702 291 0.0262801497904 23.3839090439 23.3823206232 18.0587221092
703 292 0.0262801491037 23.3839090772 23.3823206232 18.0880074906
704 293 0.0262801484067 23.3839091108 23.3823206232 18.1172427686
705 294 0.0262801476992 23.3839091448 23.3823206232 18.1464281995
706 295 0.0262801469811 23.383909179 23.3823206232 18.1755640373
707 296 0.026280146252 23.3839092136 23.3823206232 18.2046505341
708 297 0.0262801455118 23.3839092486 23.3823206232 18.2336879396
709 298 0.0262801447603 23.3839092839 23.3823206232 18.2626765016
710 299 0.0262801439972 23.3839093195 23.3823206232 18.2916164658
711 300 0.0262801432222 23.3839093555 23.3823206232 18.3205080757
712 301 0.0262801424353 23.3839093918 23.3823206232 18.3493515729
713 302 0.026280141636 23.3839094286 23.3823206232 18.378147197
714 303 0.0262801408241 23.3839094657 23.3823206232 18.4068951855
715 304 0.0262801399995 23.3839095031 23.3823206232 18.4355957742
716 305 0.0262801391617 23.383909541 23.3823206232 18.4642491966
717 306 0.0262801383106 23.3839095792 23.3823206232 18.4928556845
718 307 0.0262801374459 23.3839096179 23.3823206232 18.5214154679
719 308 0.0262801365672 23.3839096569 23.3823206232 18.5499287748
720 309 0.0262801356743 23.3839096964 23.3823206232 18.5783958312
721 310 0.0262801347669 23.3839097362 23.3823206232 18.6068168617
722 311 0.0262801338447 23.3839097765 23.3823206232 18.6351920885
723 312 0.0262801329072 23.3839098172 23.3823206232 18.6635217327
724 313 0.0262801319543 23.3839098584 23.3823206232 18.691806013
725 314 0.0262801309856 23.3839099 23.3823206232 18.7200451467
726 315 0.0262801300007 23.383909942 23.3823206232 18.7482393493
727 316 0.0262801289992 23.3839099845 23.3823206232 18.7763888346
728 317 0.0262801279809 23.3839100275 23.3823206232 18.8044938148
729 318 0.0262801269452 23.3839100709 23.3823206232 18.8325545001
730 319 0.0262801258919 23.3839101149 23.3823206232 18.8605710995
731 320 0.0262801248206 23.3839101593 23.3823206232 18.88854382
732 321 0.0262801237307 23.3839102042 23.3823206232 18.9164728672
733 322 0.026280122622 23.3839102496 23.3823206232 18.9443584449
734 323 0.0262801214939 23.3839102955 23.3823206232 18.9722007556
735 324 0.0262801203461 23.3839103419 23.3823206232 19.0
736 325 0.026280119178 23.3839103889 23.3823206232 19.0277563773
737 326 0.0262801179893 23.3839104364 23.3823206232 19.0554700853
738 327 0.0262801167793 23.3839104845 23.3823206232 19.08314132
739 328 0.0262801155476 23.3839105331 23.3823206232 19.1107702763
740 329 0.0262801142938 23.3839105823 23.3823206232 19.1383571472
741 330 0.0262801130172 23.383910632 23.3823206232 19.1659021246
742 331 0.0262801117173 23.3839106824 23.3823206232 19.1934053987
743 332 0.0262801103936 23.3839107333 23.3823206232 19.2208671583
744 333 0.0262801090454 23.3839107849 23.3823206232 19.2482875909
745 334 0.0262801076722 23.3839108371 23.3823206232 19.2756668825
746 335 0.0262801062734 23.3839108899 23.3823206232 19.3030052177
747 336 0.0262801048484 23.3839109433 23.3823206232 19.3303027798
748 337 0.0262801033963 23.3839109974 23.3823206232 19.3575597507
749 338 0.0262801019167 23.3839110522 23.3823206232 19.3847763109
750 339 0.0262801004088 23.3839111077 23.3823206232 19.4119526395
751 340 0.0262800988719 23.3839111638 23.3823206232 19.4390889146
752 341 0.0262800973053 23.3839112207 23.3823206232 19.4661853126
753 342 0.0262800957081 23.3839112783 23.3823206232 19.4932420089
754 343 0.0262800940796 23.3839113366 23.3823206232 19.5202591775
755 344 0.026280092419 23.3839113956 23.3823206232 19.547236991
756 345 0.0262800907255 23.3839114554 23.3823206232 19.574175621
757 346 0.0262800889981 23.383911516 23.3823206232 19.6010752377
758 347 0.026280087236 23.3839115774 23.3823206232 19.6279360102
759 348 0.0262800854382 23.3839116396 23.3823206232 19.6547581062
760 349 0.0262800836039 23.3839117026 23.3823206232 19.6815416923
761 350 0.0262800817319 23.3839117665 23.3823206232 19.7082869339
762 351 0.0262800798214 23.3839118312 23.3823206232 19.7349939952
763 352 0.0262800778711 23.3839118968 23.3823206232 19.7616630393
764 353 0.0262800758801 23.3839119633 23.3823206232 19.7882942281
765 354 0.0262800738472 23.3839120306 23.3823206232 19.8148877222
766 355 0.0262800717712 23.383912099 23.3823206232 19.8414436814
767 356 0.026280069651 23.3839121682 23.3823206232 19.8679622641
768 357 0.0262800674852 23.3839122385 23.3823206232 19.8944436277
769 358 0.0262800652726 23.3839123097 23.3823206232 19.9208879284
770 359 0.0262800630117 23.3839123819 23.3823206232 19.9472953215
771 360 0.0262800607013 23.3839124552 23.3823206232 19.973665961
772 361 0.0262800583399 23.3839125295 23.3823206232 20.0
773 362 0.026280055926 23.3839126049 23.3823206232 20.0262975904
774 363 0.026280053458 23.3839126813 23.3823206232 20.0525588833
775 364 0.0262800509343 23.383912759 23.3823206232 20.0787840283
776 365 0.0262800483533 23.3839128377 23.3823206232 20.1049731745
777 366 0.0262800457131 23.3839129177 23.3823206232 20.1311264697
778 367 0.0262800430121 23.3839129988 23.3823206232 20.1572440607
779 368 0.0262800402484 23.3839130812 23.3823206232 20.1833260933
780 369 0.0262800374199 23.3839131648 23.3823206232 20.2093727123
781 370 0.0262800345247 23.3839132497 23.3823206232 20.2353840617
782 371 0.0262800315608 23.3839133359 23.3823206232 20.2613602843
783 372 0.0262800285258 23.3839134235 23.3823206232 20.287301522
784 373 0.0262800254176 23.3839135124 23.3823206232 20.3132079158
785 374 0.0262800222338 23.3839136028 23.3823206232 20.3390796058
786 375 0.026280018972 23.3839136946 23.3823206232 20.364916731
787 376 0.0262800156296 23.3839137878 23.3823206232 20.3907194297
788 377 0.0262800122039 23.3839138826 23.3823206232 20.4164878389
789 378 0.0262800086922 23.383913979 23.3823206232 20.4422220952
790 379 0.0262800050917 23.3839140769 23.3823206232 20.4679223339
791 380 0.0262800013992 23.3839141765 23.3823206232 20.4935886896
792 381 0.0262799976118 23.3839142777 23.3823206232 20.5192212959
793 382 0.0262799937261 23.3839143807 23.3823206232 20.5448202857
794 383 0.0262799897387 23.3839144854 23.3823206232 20.5703857908
795 384 0.0262799856462 23.3839145919 23.3823206232 20.5959179423
796 385 0.0262799814447 23.3839147003 23.3823206232 20.6214168703
797 386 0.0262799771304 23.3839148105 23.3823206232 20.6468827044
798 387 0.0262799726994 23.3839149227 23.3823206232 20.6723155729
799 388 0.0262799681473 23.383915037 23.3823206232 20.6977156036
800 389 0.0262799634697 23.3839151532 23.3823206232 20.7230829233
801 390 0.0262799586621 23.3839152716 23.3823206232 20.7484176581
802 391 0.0262799537197 23.3839153922 23.3823206232 20.7737199333
803 392 0.0262799486372 23.3839155149 23.3823206232 20.7989898732
804 393 0.0262799434096 23.38391564 23.3823206232 20.8242276016
805 394 0.0262799380312 23.3839157674 23.3823206232 20.8494332413
806 395 0.0262799324962 23.3839158973 23.3823206232 20.8746069144
807 396 0.0262799267986 23.3839160297 23.3823206232 20.8997487421
808 397 0.0262799209319 23.3839161646 23.3823206232 20.9248588452
809 398 0.0262799148894 23.3839163021 23.3823206232 20.9499373433
810 399 0.0262799086642 23.3839164424 23.3823206232 20.9749843554
811 400 0.0262799022488 23.3839165855 23.3823206232 21.0
812 401 0.0262798956354 23.3839167315 23.3823206232 21.0249843945
813 402 0.0262798888159 23.3839168804 23.3823206232 21.0499376558
814 403 0.0262798817817 23.3839170324 23.3823206232 21.0748598999
815 404 0.0262798745238 23.3839171876 23.3823206232 21.0997512422
816 405 0.0262798670326 23.383917346 23.3823206232 21.1246117975
817 406 0.026279859298 23.3839175078 23.3823206232 21.1494416796
818 407 0.0262798513096 23.3839176731 23.3823206232 21.1742410018
819 408 0.0262798430562 23.383917842 23.3823206232 21.1990098767
820 409 0.0262798345259 23.3839180145 23.3823206232 21.2237484162
821 410 0.0262798257064 23.3839181909 23.3823206232 21.2484567313
822 411 0.0262798165845 23.3839183713 23.3823206232 21.2731349327
823 412 0.0262798071463 23.3839185557 23.3823206232 21.2977831302
824 413 0.0262797973772 23.3839187444 23.3823206232 21.3224014329
825 414 0.0262797872615 23.3839189375 23.3823206232 21.3469899494
826 415 0.0262797767828 23.3839191351 23.3823206232 21.3715487875
827 416 0.0262797659237 23.3839193374 23.3823206232 21.3960780544
828 417 0.0262797546655 23.3839195446 23.3823206232 21.4205778567
829 418 0.0262797429887 23.3839197568 23.3823206232 21.4450483003
830 419 0.0262797308723 23.3839199742 23.3823206232 21.4694894905
831 420 0.0262797182942 23.3839201971 23.3823206232 21.4939015319
832 421 0.0262797052307 23.3839204256 23.3823206232 21.5182845287
833 422 0.0262796916566 23.38392066 23.3823206232 21.5426385842
834 423 0.0262796775452 23.3839209004 23.3823206232 21.5669638012
835 424 0.0262796628679 23.3839211472 23.3823206232 21.591260282
836 425 0.0262796475942 23.3839214005 23.3823206232 21.6155281281
837 426 0.0262796316916 23.3839216606 23.3823206232 21.6397674406
838 427 0.0262796151251 23.3839219279 23.3823206232 21.6639783198
839 428 0.0262795978576 23.3839222026 23.3823206232 21.6881608656
840 429 0.0262795798492 23.383922485 23.3823206232 21.7123151772
841 430 0.026279561057 23.3839227754 23.3823206232 21.7364413533
842 431 0.0262795414352 23.3839230743 23.3823206232 21.760539492
843 432 0.0262795209345 23.3839233819 23.3823206232 21.7846096908
844 433 0.0262794995018 23.3839236988 23.3823206232 21.8086520467
845 434 0.0262794770802 23.3839240251 23.3823206232 21.832666656
846 435 0.026279453608 23.3839243615 23.3823206232 21.8566536146
847 436 0.026279429019 23.3839247084 23.3823206232 21.8806130178
848 437 0.0262794032415 23.3839250663 23.3823206232 21.9045449604
849 438 0.026279376198 23.3839254358 23.3823206232 21.9284495365
850 439 0.0262793478048 23.3839258173 23.3823206232 21.9523268398
851 440 0.0262793179707 23.3839262114 23.3823206232 21.9761769634
852 441 0.0262792865972 23.383926619 23.3823206232 22.0
853 442 0.026279253577 23.3839270405 23.3823206232 22.0237960416
854 443 0.0262792187933 23.3839274768 23.3823206232 22.0475651798
855 444 0.0262791821188 23.3839279287 23.3823206232 22.0713075057
856 445 0.0262791434145 23.3839283969 23.3823206232 22.0950231097
857 446 0.0262791025285 23.3839288825 23.3823206232 22.1187120819
858 447 0.0262790592944 23.3839293863 23.3823206232 22.1423745119
859 448 0.0262790135296 23.3839299094 23.3823206232 22.1660104885
860 449 0.0262789650334 23.3839304531 23.3823206232 22.1896201004
861 450 0.0262789135851 23.3839310184 23.3823206232 22.2132034356
862 451 0.026278858941 23.3839316067 23.3823206232 22.2367605816
863 452 0.0262788008318 23.3839322195 23.3823206232 22.2602916255
864 453 0.0262787389594 23.3839328582 23.3823206232 22.2837966538
865 454 0.026278672993 23.3839335247 23.3823206232 22.3072757527
866 455 0.0262786025644 23.3839342207 23.3823206232 22.3307290077
867 456 0.0262785272635 23.3839349483 23.3823206232 22.3541565041
868 457 0.0262784466319 23.3839357096 23.3823206232 22.3775583264
869 458 0.0262783601561 23.383936507 23.3823206232 22.400934559
870 459 0.0262782672591 23.3839373432 23.3823206232 22.4242852856
871 460 0.0262781672914 23.3839382211 23.3823206232 22.4476105895
872 461 0.026278059519 23.3839391439 23.3823206232 22.4709105536
873 462 0.0262779431106 23.3839401151 23.3823206232 22.4941852602
874 463 0.0262778171212 23.3839411386 23.3823206232 22.5174347914
875 464 0.0262776804728 23.3839422187 23.3823206232 22.5406592285
876 465 0.0262775319322 23.3839433604 23.3823206232 22.5638586528
877 466 0.0262773700824 23.3839445689 23.3823206232 22.5870331449
878 467 0.0262771932891 23.3839458504 23.3823206232 22.610182785
879 468 0.0262769996598 23.3839472117 23.3823206232 22.6333076528
880 469 0.026276786993 23.3839486605 23.3823206232 22.6564078277
881 470 0.0262765527154 23.3839502054 23.3823206232 22.6794833887
882 471 0.0262762938047 23.3839518563 23.3823206232 22.7025344142
883 472 0.0262760066916 23.3839536247 23.3823206232 22.7255609824
884 473 0.0262756871369 23.3839555234 23.3823206232 22.7485631709
885 474 0.0262753300749 23.3839575675 23.3823206232 22.7715410571
886 475 0.0262749294123 23.3839597742 23.3823206232 22.7944947177
887 476 0.0262744777679 23.3839621639 23.3823206232 22.8174242293
888 477 0.0262739661315 23.3839647601 23.3823206232 22.8403296678
889 478 0.0262733834133 23.383967591 23.3823206232 22.8632111091
890 479 0.0262727158407 23.3839706897 23.3823206232 22.8860686282
891 480 0.0262719461402 23.3839740964 23.3823206232 22.9089023002
892 481 0.0262710524143 23.3839778591 23.3823206232 22.9317121995
893 482 0.0262700065736 23.3839820369 23.3823206232 22.9544984001
894 483 0.0262687721129 23.3839867023 23.3823206232 22.9772609758
895 484 0.0262673008964 23.383991946 23.3823206232 23.0
896 485 0.0262655284166 23.3839978826 23.3823206232 23.0227155455
897 486 0.0262633666364 23.3840046592 23.3823206232 23.045407685
898 487 0.0262606928999 23.3840124675 23.3823206232 23.0680764907
899 488 0.0262573322422 23.3840215624 23.3823206232 23.0907220344
900 489 0.0262530281953 23.3840322902 23.3823206232 23.1133443875
901 490 0.0262473926997 23.3840451338 23.3823206232 23.1359436212
902 491 0.0262398161449 23.3840607871 23.3823206232 23.1585198062
903 492 0.0262292967993 23.3840802843 23.3823206232 23.1810730128
904 493 0.026214095512 23.3841052374 23.3823206232 23.2036033112
905 494 0.0261909779837 23.3841383043 23.3823206232 23.2261107709
906 495 0.0261533737748 23.3841841995 23.3823206232 23.2485954613
907 496 0.0260862696989 23.3842521494 23.3823206232 23.2710574513
908 497 0.0259492770498 23.3843629423 23.3823206232 23.2934968096
909 498 0.0256049290608 23.384574934 23.3823206232 23.3159136044
910 499 0.024444263349 23.3851318045 23.3823206232 23.3383079037
911 500 0.0435074346244 23.3883800549 23.3823206232 23.360679775
912 501 0.198988332235 23.4050154731 23.3823206232 23.3830292856
913 502 0.220874745887 23.4265500625 23.3823206232 23.4053565024
914 503 0.225312641279 23.4485780287 23.3823206232 23.427661492
915 504 0.226875922366 23.4707147467 23.3823206232 23.4499443206
916 505 0.227604389171 23.4928811917 23.3823206232 23.4722050542
917 506 0.228006268579 23.5150512847 23.3823206232 23.4944437584
918 507 0.228254987652 23.5372139932 23.3823206232 23.5166604984
919 508 0.228422546421 23.5593638779 23.3823206232 23.5388553392
920 509 0.228543138579 23.5814979658 23.3823206232 23.5610283454
921 510 0.228634679322 23.6036145082 23.3823206232 23.5831795813
922 511 0.228707286502 23.6257124206 23.3823206232 23.6053091109
923 512 0.228767023232 23.6477910038 23.3823206232 23.627416998
924 513 0.228817701599 23.6698497946 23.3823206232 23.6495033058
925 514 0.228861815558 23.6918884808 23.3823206232 23.6715680975
926 515 0.228901052182 23.7139068508 23.3823206232 23.6936114358
927 516 0.228936585746 23.7359047615 23.3823206232 23.7156333832
928 517 0.228969253984 23.7578821181 23.3823206232 23.7376340018
929 518 0.228999667525 23.7798388605 23.3823206232 23.7596133535
930 519 0.229028279964 23.8017749542 23.3823206232 23.7815714998
931 520 0.229055433954 23.8236903836 23.3823206232 23.803508502
932 521 0.229081392251 23.8455851474 23.3823206232 23.825424421
933 522 0.229106359082 23.8674592555 23.3823206232 23.8473193176
934 523 0.22913049513 23.8893127262 23.3823206232 23.8691932521
935 524 0.229153928231 23.9111455846 23.3823206232 23.8910462845
936 525 0.22917676112 23.9329578612 23.3823206232 23.9128784748
937 526 0.229199077132 23.9547495904 23.3823206232 23.9346898824
938 527 0.229220944447 23.9765208103 23.3823206232 23.9564805665
939 528 0.229242419287 23.9982715617 23.3823206232 23.9782505862
940 529 0.229263548355 24.0200018875 23.3823206232 24.0
941 530 0.229284370713 24.0417118325 23.3823206232 24.0217288664
942 531 0.229304919241 24.0634014428 23.3823206232 24.0434372436
943 532 0.229325221779 24.085070766 23.3823206232 24.0651251893
944 533 0.229345302036 24.1067198503 23.3823206232 24.0867927612
945 534 0.229365180303 24.1283487451 23.3823206232 24.1084400166
946 535 0.229384874041 24.1499575 23.3823206232 24.1300670124
947 536 0.229404398338 24.1715461655 23.3823206232 24.1516738056
948 537 0.229423766296 24.1931147922 23.3823206232 24.1732604525
949 538 0.229442989338 24.2146634314 23.3823206232 24.1948270095
950 539 0.229462077463 24.2361921342 23.3823206232 24.2163735325
951 540 0.22948103946 24.2577009522 23.3823206232 24.2379000772
952 541 0.22949988308 24.2791899372 23.3823206232 24.2594066992
953 542 0.229518615185 24.3006591407 23.3823206232 24.2808934536
954 543 0.229537241869 24.3221086147 23.3823206232 24.3023603955
955 544 0.229555768563 24.3435384109 23.3823206232 24.3238075794
956 545 0.229574200121 24.3649485812 23.3823206232 24.3452350599
957 546 0.229592540895 24.3863391772 23.3823206232 24.3666428911
958 547 0.229610794801 24.4077102508 23.3823206232 24.3880311271
959 548 0.229628965369 24.4290618536 23.3823206232 24.4093998214
960 549 0.22964705579 24.4503940371 23.3823206232 24.4307490277
961 550 0.229665068959 24.4717068527 23.3823206232 24.4520787991
962 551 0.229683007508 24.4930003519 23.3823206232 24.4733891886
963 552 0.229700873836 24.5142745858 23.3823206232 24.4946802489
964 553 0.229718670133 24.5355296055 23.3823206232 24.5159520326
965 554 0.229736398406 24.5567654619 23.3823206232 24.5372045919
966 555 0.2297540605 24.5779822057 23.3823206232 24.5584379788
967 556 0.229771658109 24.5991798877 23.3823206232 24.5796522451
968 557 0.229789192796 24.6203585583 23.3823206232 24.6008474424
969 558 0.229806666008 24.6415182678 23.3823206232 24.622023622
970 559 0.229824079083 24.6626590662 23.3823206232 24.6431808351
971 560 0.229841433264 24.6837810036 23.3823206232 24.6643191324
972 561 0.229858729706 24.7048841296 23.3823206232 24.6854385647
973 562 0.229875969487 24.725968494 23.3823206232 24.7065391823
974 563 0.229893153613 24.7470341461 23.3823206232 24.7276210354
975 564 0.229910283026 24.7680811352 23.3823206232 24.7486841741
976 565 0.229927358608 24.7891095102 23.3823206232 24.769728648
977 566 0.229944381188 24.8101193201 23.3823206232 24.7907545067
978 567 0.229961351546 24.8311106135 23.3823206232 24.8117617996
979 568 0.229978270418 24.8520834389 23.3823206232 24.8327505756
980 569 0.229995138497 24.8730378446 23.3823206232 24.8537208838
981 570 0.230011956442 24.8939738786 23.3823206232 24.8746727726
982 571 0.230028724873 24.914891589 23.3823206232 24.8956062907
983 572 0.230045444382 24.9357910234 23.3823206232 24.9165214862
984 573 0.23006211553 24.9566722294 23.3823206232 24.9374184072
985 574 0.230078738852 24.9775352542 23.3823206232 24.9582971014
986 575 0.230095314858 24.9983801451 23.3823206232 24.9791576166
987 576 0.230111844034 25.019206949 23.3823206232 25.0
988 577 0.230128326845 25.0400157127 23.3823206232 25.0208242989
989 578 0.230144763739 25.0608064828 23.3823206232 25.0416305603
990 579 0.230161155141 25.0815793056 23.3823206232 25.062418831
991 580 0.230177501463 25.1023342274 23.3823206232 25.0831891576
992 581 0.2301938031 25.1230712942 23.3823206232 25.1039415864
993 582 0.230210060431 25.1437905517 23.3823206232 25.1246761636
994 583 0.230226273822 25.1644920457 23.3823206232 25.1453929353
995 584 0.230242443628 25.1851758216 23.3823206232 25.1660919472
996 585 0.23025857019 25.2058419247 23.3823206232 25.1867732449
997 586 0.230274653839 25.2264904 23.3823206232 25.2074368738
998 587 0.230290694893 25.2471212925 23.3823206232 25.2280828792
999 588 0.230306693663 25.2677346468 23.3823206232 25.248711306
1000 589 0.230322650451 25.2883305075 23.3823206232 25.269322199
1001 590 0.230338565547 25.3089089189 23.3823206232 25.289915603
1002 591 0.230354439237 25.3294699252 23.3823206232 25.3104915623
1003 592 0.230370271796 25.3500135703 23.3823206232 25.3310501212
1004 593 0.230386063493 25.3705398982 23.3823206232 25.3515913238
1005 594 0.230401814592 25.3910489524 23.3823206232 25.3721152139
1006 595 0.230417525347 25.4115407763 23.3823206232 25.3926218353
1007 596 0.230433196008 25.4320154132 23.3823206232 25.4131112315
1008 597 0.23044882682 25.4524729062 23.3823206232 25.4335834457
1009 598 0.23046441802 25.4729132982 23.3823206232 25.4540385213
1010 599 0.230479969842 25.493336632 23.3823206232 25.474476501
1011 600 0.230495482515 25.5137429501 23.3823206232 25.4948974278
1012 601 0.230510956262 25.5341322949 23.3823206232 25.5153013443
1013 602 0.230526391302 25.5545047086 23.3823206232 25.5356882928
1014 603 0.230541787851 25.5748602333 23.3823206232 25.5560583156
