1139 5 0.00955660777099 20.7470001789 20.7470001789 3.2360679775
1140 6 0.00955660777099 20.7470001789 20.7470001789 3.44948974278
1141 7 0.00955660777099 20.7470001789 20.7470001789 3.64575131106
1142 8 0.00955660777099 20.7470001789 20.7470001789 3.82842712475
1143 9 0.00955660777099 20.7470001789 20.7470001789 4.0
1144 10 0.00955660777099 20.7470001789 20.7470001789 4.16227766017
1145 11 0.00955660777099 20.7470001789 20.7470001789 4.31662479036
1146 12 0.00955660777099 20.7470001789 20.7470001789 4.46410161514
1147 13 0.00955660777099 20.7470001789 20.7470001789 4.60555127546
1148 14 0.00955660777099 20.7470001789 20.7470001789 4.74165738677
1149 15 0.00955660777099 20.7470001789 20.7470001789 4.87298334621
1150 16 0.00955660777099 20.7470001789 20.7470001789 5.0
1151 17 0.00955660777099 20.7470001789 20.7470001789 5.12310562562
1152 18 0.00955660777099 20.7470001789 20.7470001789 5.24264068712
1153 19 0.00955660777099 20.7470001789 20.7470001789 5.35889894354
1154 20 0.00955660777099 20.7470001789 20.7470001789 5.472135955
1155 21 0.00955660777099 20.7470001789 20.7470001789 5.58257569496
1156 22 0.00955660777099 20.7470001789 20.7470001789 5.69041575982
1157 23 0.00955660777099 20.7470001789 20.7470001789 5.79583152331
1158 24 0.00955660777099 20.7470001789 20.7470001789 5.89897948557
1159 25 0.00955660777099 20.7470001789 20.7470001789 6.0
1160 26 0.00955660777099 20.7470001789 20.7470001789 6.09901951359
1161 27 0.00955660777099 20.7470001789 20.7470001789 6.19615242271
1162 28 0.00955660777099 20.7470001789 20.7470001789 6.29150262213
1163 29 0.00955660777099 20.7470001789 20.7470001789 6.38516480713
1164 30 0.00955660777099 20.7470001789 20.7470001789 6.47722557505
1165 31 0.00955660777099 20.7470001789 20.7470001789 6.56776436283
1166 32 0.00955660777099 20.7470001789 20.7470001789 6.65685424949
1167 33 0.00955660777099 20.7470001789 20.7470001789 6.74456264654
1168 34 0.00955660777099 20.7470001789 20.7470001789 6.83095189485
1169 35 0.00955660777099 20.7470001789 20.7470001789 6.9160797831
1170 36 0.00955660777099 20.7470001789 20.7470001789 7.0
1171 37 0.00955660777099 20.7470001789 20.7470001789 7.0827625303
1172 38 0.00955660777099 20.7470001789 20.7470001789 7.16441400297
1173 39 0.00955660777099 20.7470001789 20.7470001789 7.2449979984
1174 40 0.00955660777099 20.7470001789 20.7470001789 7.32455532034
1175 41 0.00955660777099 20.7470001789 20.7470001789 7.40312423743
1176 42 0.00955660777099 20.7470001789 20.7470001789 7.48074069841
1177 43 0.00955660777099 20.7470001789 20.7470001789 7.5574385243
1178 44 0.00955660777099 20.7470001789 20.7470001789 7.63324958071
1179 45 0.00955660777099 20.7470001789 20.7470001789 7.7082039325
1180 46 0.00955660777099 20.7470001789 20.7470001789 7.78232998313
1181 47 0.00955660777099 20.7470001789 20.7470001789 7.8556546004
1182 48 0.00955660777099 20.7470001789 20.7470001789 7.92820323028
1183 49 0.00955660777099 20.7470001789 20.7470001789 8.0
1184 50 0.00955660777099 20.7470001789 20.7470001789 8.07106781187
1185 51 0.00955660777099 20.7470001789 20.7470001789 8.14142842854
1186 52 0.00955660777099 20.7470001789 20.7470001789 8.21110255093
1187 53 0.00955660777099 20.7470001789 20.7470001789 8.28010988928
1188 54 0.00955660777099 20.7470001789 20.7470001789 8.34846922835
1189 55 0.00955660777099 20.7470001789 20.7470001789 8.4161984871
1190 56 0.00955660777099 20.7470001789 20.7470001789 8.48331477355
1191 57 0.00955660777099 20.7470001789 20.7470001789 8.54983443527
1192 58 0.00955660777099 20.7470001789 20.7470001789 8.61577310586
1193 59 0.00955660777099 20.7470001789 20.7470001789 8.68114574787
1194 60 0.00955660777099 20.7470001789 20.7470001789 8.74596669241
1195 61 0.00955660777099 20.7470001789 20.7470001789 8.81024967591
1196 62 0.00955660777099 20.7470001789 20.7470001789 8.87400787401
1197 63 0.00955660777099 20.7470001789 20.7470001789 8.93725393319
1198 64 0.00955660777099 20.7470001789 20.7470001789 9.0
1199 65 0.00955660777099 20.7470001789 20.7470001789 9.0622577483
1200 66 0.00955660777099 20.7470001789 20.7470001789 9.12403840464
1201 67 0.00955660777099 20.7470001789 20.7470001789 9.18535277187
1202 68 0.00955660777099 20.7470001789 20.7470001789 9.24621125124
1203 69 0.00955660777099 20.7470001789 20.7470001789 9.30662386292
1204 70 0.00955660777099 20.7470001789 20.7470001789 9.36660026534
1205 71 0.00955660777099 20.7470001789 20.7470001789 9.42614977318
1206 72 0.00955660777099 20.7470001789 20.7470001789 9.48528137424
1207 73 0.00955660777099 20.7470001789 20.7470001789 9.54400374532
1208 74 0.00955660777099 20.7470001789 20.7470001789 9.60232526704
1209 75 0.00955660777099 20.7470001789 20.7470001789 9.66025403784
1210 76 0.00955660777099 20.7470001789 20.7470001789 9.71779788708
1211 77 0.00955660777099 20.7470001789 20.7470001789 9.77496438739
1212 78 0.00955660777099 20.7470001789 20.7470001789 9.83176086633
1213 79 0.00955660777099 20.7470001789 20.7470001789 9.88819441732
1214 80 0.00955660777099 20.7470001789 20.7470001789 9.94427191
1215 81 0.00955660777099 20.7470001789 20.7470001789 10.0
1216 82 0.00955660777099 20.7470001789 20.7470001789 10.0553851381
1217 83 0.00955660777099 20.7470001789 20.7470001789 10.1104335791
1218 84 0.00955660777099 20.7470001789 20.7470001789 10.1651513899
1219 85 0.00955660777099 20.7470001789 20.7470001789 10.2195444573
1220 86 0.00955660777099 20.7470001789 20.7470001789 10.2736184955
1221 87 0.00955660777099 20.7470001789 20.7470001789 10.3273790531
1222 88 0.00955660777099 20.7470001789 20.7470001789 10.3808315196
1223 89 0.00955660777099 20.7470001789 20.7470001789 10.4339811321
1224 90 0.00955660777099 20.7470001789 20.7470001789 10.4868329805
1225 91 0.00955660777099 20.7470001789 20.7470001789 10.5393920142
1226 92 0.00955660777099 20.7470001789 20.7470001789 10.5916630466
1227 93 0.00955660777099 20.7470001789 20.7470001789 10.643650761
1228 94 0.00955660777099 20.7470001789 20.7470001789 10.6953597148
1229 95 0.00955660777099 20.7470001789 20.7470001789 10.7467943448
1230 96 0.00955660777099 20.7470001789 20.7470001789 10.7979589711
1231 97 0.00955660777099 20.7470001789 20.7470001789 10.8488578018
1232 98 0.00955660777099 20.7470001789 20.7470001789 10.8994949366
1233 99 0.00955660777099 20.7470001789 20.7470001789 10.9498743711
1234 100 0.00955660777099 20.7470001789 20.7470001789 11.0
1235 101 0.00955660777099 20.7470001789 20.7470001789 11.0498756211
1236 102 0.00955660777099 20.7470001789 20.7470001789 11.0995049384
1237 103 0.00955660777099 20.7470001789 20.7470001789 11.1488915651
1238 104 0.00955660777099 20.7470001789 20.7470001789 11.1980390272
1239 105 0.00955660777099 20.7470001789 20.7470001789 11.246950766
1240 106 0.00955660777099 20.7470001789 20.7470001789 11.295630141
1241 107 0.00955660777099 20.7470001789 20.7470001789 11.3440804328
1242 108 0.00955660777099 20.7470001789 20.7470001789 11.3923048454
1243 109 0.00955660777099 20.7470001789 20.7470001789 11.4403065089
1244 110 0.00955660777099 20.7470001789 20.7470001789 11.4880884817
1245 111 0.00955660777099 20.7470001789 20.7470001789 11.5356537529
1246 112 0.00955660777099 20.7470001789 20.7470001789 11.5830052443
1247 113 0.00955660777099 20.7470001789 20.7470001789 11.6301458127
1248 114 0.00955660777099 20.7470001789 20.7470001789 11.677078252
1249 115 0.00955660777099 20.7470001789 20.7470001789 11.7238052948
1250 116 0.00955660777099 20.7470001789 20.7470001789 11.7703296143
1251 117 0.00955660777099 20.7470001789 20.7470001789 11.8166538264
1252 118 0.00955660777099 20.7470001789 20.7470001789 11.8627804912
1253 119 0.00955660777099 20.7470001789 20.7470001789 11.9087121146
1254 120 0.00955660777099 20.7470001789 20.7470001789 11.9544511501
1255 121 0.00955660777099 20.7470001789 20.7470001789 12.0
1256 122 0.00955660777099 20.7470001789 20.7470001789 12.0453610172
1257 123 0.00955660777099 20.7470001789 20.7470001789 12.0905365064
1258 124 0.00955660777099 20.7470001789 20.7470001789 12.1355287257
1259 125 0.00955660777099 20.7470001789 20.7470001789 12.1803398875
1260 126 0.00955660777099 20.7470001789 20.7470001789 12.2249721603
1261 127 0.00955660777099 20.7470001789 20.7470001789 12.2694276696
1262 128 0.00955660777099 20.7470001789 20.7470001789 12.313708499
1263 129 0.00955660777099 20.7470001789 20.7470001789 12.3578166916
1264 130 0.00955660777099 20.7470001789 20.7470001789 12.401754251
1265 131 0.00955660777099 20.7470001789 20.7470001789 12.4455231423
1266 132 0.00955660777099 20.7470001789 20.7470001789 12.4891252931
1267 133 0.00955660777099 20.7470001789 20.7470001789 12.5325625947
1268 134 0.00955660777099 20.7470001789 20.7470001789 12.5758369028
1269 135 0.00955660777099 20.7470001789 20.7470001789 12.6189500386
1270 136 0.00955660777099 20.7470001789 20.7470001789 12.6619037897
1271 137 0.00955660777099 20.7470001789 20.7470001789 12.7046999107
1272 138 0.00955660777099 20.7470001789 20.7470001789 12.7473401245
1273 139 0.00955660777099 20.7470001789 20.7470001789 12.7898261226
1274 140 0.00955660777099 20.7470001789 20.7470001789 12.8321595662
1275 141 0.00955660777099 20.7470001789 20.7470001789 12.874342087
1276 142 0.00955660777099 20.7470001789 20.7470001789 12.9163752878
1277 143 0.00955660777099 20.7470001789 20.7470001789 12.9582607431
1278 144 0.00955660777099 20.7470001789 20.7470001789 13.0
1279 145 0.00955660777099 20.7470001789 20.7470001789 13.0415945788
1280 146 0.00955660777099 20.7470001789 20.7470001789 13.0830459736
1281 147 0.00955660777099 20.7470001789 20.7470001789 13.124355653
1282 148 0.00955660777099 20.7470001789 20.7470001789 13.1655250606
1283 149 0.00955660777099 20.7470001789 20.7470001789 13.2065556157
1284 150 0.00955660777099 20.7470001789 20.7470001789 13.2474487139
1285 151 0.00955660777099 20.7470001789 20.7470001789 13.2882057274
1286 152 0.00955660777099 20.7470001789 20.7470001789 13.3288280059
1287 153 0.00955660777099 20.7470001789 20.7470001789 13.3693168769
1288 154 0.00955660777099 20.7470001789 20.7470001789 13.409673646
1289 155 0.00955660777099 20.7470001789 20.7470001789 13.449899598
1290 156 0.00955660777099 20.7470001789 20.7470001789 13.4899959968
1291 157 0.00955660777099 20.7470001789 20.7470001789 13.5299640861
1292 158 0.00955660777099 20.7470001789 20.7470001789 13.56980509
1293 159 0.00955660777099 20.7470001789 20.7470001789 13.6095202129
1294 160 0.00955660777099 20.7470001789 20.7470001789 13.6491106407
1295 161 0.00955660777099 20.7470001789 20.7470001789 13.6885775404
1296 162 0.00955660777099 20.7470001789 20.7470001789 13.7279220614
1297 163 0.00955660777099 20.7470001789 20.7470001789 13.7671453348
1298 164 0.00955660777099 20.7470001789 20.7470001789 13.8062484749
1299 165 0.00955660777099 20.7470001789 20.7470001789 13.8452325787
1300 166 0.00955660777099 20.7470001789 20.7470001789 13.8840987267
1301 167 0.00955660777099 20.7470001789 20.7470001789 13.9228479833
1302 168 0.00955660777099 20.7470001789 20.7470001789 13.9614813968
1303 169 0.00955660777099 20.7470001789 20.7470001789 14.0
1304 170 0.00955660777099 20.7470001789 20.7470001789 14.0384048104
1305 171 0.00955660777099 20.7470001789 20.7470001789 14.0766968306
1306 172 0.00955660777099 20.7470001789 20.7470001789 14.1148770486
1307 173 0.00955660777099 20.7470001789 20.7470001789 14.152946438
1308 174 0.00955660777099 20.7470001789 20.7470001789 14.1909059583
1309 175 0.00955660777099 20.7470001789 20.7470001789 14.2287565553
1310 176 0.00955660777099 20.7470001789 20.7470001789 14.2664991614
1311 177 0.00955660777099 20.7470001789 20.7470001789 14.3041346957
1312 178 0.00955660777099 20.7470001789 20.7470001789 14.3416640641
1313 179 0.00955660777099 20.7470001789 20.7470001789 14.3790881603
1314 180 0.00955660777099 20.7470001789 20.7470001789 14.416407865
1315 181 0.00955660777099 20.7470001789 20.7470001789 14.4536240471
1316 182 0.00955660777099 20.7470001789 20.7470001789 14.4907375632
1317 183 0.00955660777099 20.7470001789 20.7470001789 14.5277492585
1318 184 0.00955660777099 20.7470001789 20.7470001789 14.5646599663
1319 185 0.00955660777099 20.7470001789 20.7470001789 14.6014705087
1320 186 0.00955660777099 20.7470001789 20.7470001789 14.638181697
1321 187 0.00955660777099 20.7470001789 20.7470001789 14.6747943312
1322 188 0.00955660777099 20.7470001789 20.7470001789 14.7113092008
1323 189 0.00955660777099 20.7470001789 20.7470001789 14.7477270849
1324 190 0.00955660777099 20.7470001789 20.7470001789 14.7840487521
1325 191 0.00955660777099 20.7470001789 20.7470001789 14.8202749611
1326 192 0.00955660777099 20.7470001789 20.7470001789 14.8564064606
1327 193 0.00955660777099 20.7470001789 20.7470001789 14.8924439894
1328 194 0.00955660777099 20.7470001789 20.7470001789 14.9283882772
1329 195 0.00955660777099 20.7470001789 20.7470001789 14.9642400438
1330 196 0.00955660777099 20.7470001789 20.7470001789 15.0
1331 197 0.00955660777099 20.7470001789 20.7470001789 15.0356688476
1332 198 0.00955660777099 20.7470001789 20.7470001789 15.0712472795
1333 199 0.00955660777099 20.7470001789 20.7470001789 15.1067359797
1334 200 0.00955660777099 20.7470001789 20.7470001789 15.1421356237
1335 201 0.00955660777099 20.7470001789 20.7470001789 15.1774468788
1336 202 0.00955660777099 20.7470001789 20.7470001789 15.2126704036
1337 203 0.00955660777099 20.7470001789 20.7470001789 15.2478068488
1338 204 0.00955660777099 20.7470001789 20.7470001789 15.2828568571
1339 205 0.00955660777099 20.7470001789 20.7470001789 15.3178210633
1340 206 0.00955660777099 20.7470001789 20.7470001789 15.3527000944
1341 207 0.00955660777099 20.7470001789 20.7470001789 15.3874945699
1342 208 0.00955660777099 20.7470001789 20.7470001789 15.4222051019
1343 209 0.00955660777099 20.7470001789 20.7470001789 15.4568322948
1344 210 0.00955660777099 20.7470001789 20.7470001789 15.4913767462
1345 211 0.00955660777099 20.7470001789 20.7470001789 15.5258390463
1346 212 0.00955660777099 20.7470001789 20.7470001789 15.5602197786
1347 213 0.00955660777099 20.7470001789 20.7470001789 15.5945195193
1348 214 0.00955660777099 20.7470001789 20.7470001789 15.6287388383
1349 215 0.00955660777099 20.7470001789 20.7470001789 15.6628782986
1350 216 0.00955660777099 20.7470001789 20.7470001789 15.6969384567
1351 217 0.00955660777099 20.7470001789 20.7470001789 15.7309198627
1352 218 0.00955660777099 20.7470001789 20.7470001789 15.7648230602
1353 219 0.00955660777099 20.7470001789 20.7470001789 15.7986485869
1354 220 0.00955660777099 20.7470001789 20.7470001789 15.8323969742
1355 221 0.00955660777099 20.7470001789 20.7470001789 15.8660687473
1356 222 0.00955660777099 20.7470001789 20.7470001789 15.8996644258
1357 223 0.00955660777099 20.7470001789 20.7470001789 15.9331845231
1358 224 0.00955660777099 20.7470001789 20.7470001789 15.9666295471
1359 225 0.00955660777099 20.7470001789 20.7470001789 16.0
1360 226 0.00955660777099 20.7470001789 20.7470001789 16.0332963784
1361 227 0.00955660777099 20.7470001789 20.7470001789 16.0665191733
1362 228 0.00955660777099 20.7470001789 20.7470001789 16.0996688705
1363 229 0.00955660777099 20.7470001789 20.7470001789 16.1327459504
1364 230 0.00955660777099 20.7470001789 20.7470001789 16.1657508881
1365 231 0.00955660777099 20.7470001789 20.7470001789 16.1986841536
1366 232 0.00955660777099 20.7470001789 20.7470001789 16.2315462117
1367 233 0.00955660777099 20.7470001789 20.7470001789 16.2643375225
1368 234 0.00955660777099 20.7470001789 20.7470001789 16.2970585408
1369 235 0.00955660777099 20.7470001789 20.7470001789 16.3297097168
1370 236 0.00955660777099 20.7470001789 20.7470001789 16.3622914957
1371 237 0.00955660777099 20.7470001789 20.7470001789 16.3948043183
1372 238 0.00955660777099 20.7470001789 20.7470001789 16.4272486205
1373 239 0.00955660777099 20.7470001789 20.7470001789 16.4596248337
1374 240 0.00955660777099 20.7470001789 20.7470001789 16.4919333848
1375 241 0.00955660777099 20.7470001789 20.7470001789 16.5241746963
1376 242 0.00955660777099 20.7470001789 20.7470001789 16.5563491861
1377 243 0.00955660777099 20.7470001789 20.7470001789 16.5884572681
1378 244 0.00955660777099 20.7470001789 20.7470001789 16.6204993518
1379 245 0.00955660777099 20.7470001789 20.7470001789 16.6524758425
1380 246 0.00955660777099 20.7470001789 20.7470001789 16.6843871414
1381 247 0.00955660777099 20.7470001789 20.7470001789 16.7162336455
1382 248 0.00955660777099 20.7470001789 20.7470001789 16.748015748
1383 249 0.00955660777099 20.7470001789 20.7470001789 16.7797338381
1384 250 0.00955660777099 20.7470001789 20.7470001789 16.8113883008
1385 251 0.00955660777099 20.7470001789 20.7470001789 16.8429795178
1386 252 0.00955660777099 20.7470001789 20.7470001789 16.8745078664
1387 253 0.00955660777099 20.7470001789 20.7470001789 16.9059737206
1388 254 0.00955660777099 20.7470001789 20.7470001789 16.9373774505
1389 255 0.00955660777099 20.7470001789 20.7470001789 16.9687194227
1390 256 0.00955660777099 20.7470001789 20.7470001789 17.0
1391 257 0.00955660777099 20.7470001789 20.7470001789 17.0312195419
1392 258 0.00955660777099 20.7470001789 20.7470001789 17.0623784042
1393 259 0.00955660777099 20.7470001789 20.7470001789 17.0934769394
1394 260 0.00955660777099 20.7470001789 20.7470001789 17.1245154966
1395 261 0.00955660777099 20.7470001789 20.7470001789 17.1554944214
1396 262 0.00955660777099 20.7470001789 20.7470001789 17.1864140562
1397 263 0.00955660777099 20.7470001789 20.7470001789 17.2172747402
1398 264 0.00955660777099 20.7470001789 20.7470001789 17.2480768093
1399 265 0.00955660777099 20.7470001789 20.7470001789 17.2788205961
1400 266 0.00955660777099 20.7470001789 20.7470001789 17.3095064303
1401 267 0.00955660777099 20.7470001789 20.7470001789 17.3401346384
1402 268 0.00955660777099 20.7470001789 20.7470001789 17.3707055437
1403 269 0.00955660777099 20.7470001789 20.7470001789 17.4012194669
1404 270 0.00955660777099 20.7470001789 20.7470001789 17.4316767252
1405 271 0.00955660777099 20.7470001789 20.7470001789 17.4620776332
1406 272 0.00955660777099 20.7470001789 20.7470001789 17.4924225025
1407 273 0.00955660777099 20.7470001789 20.7470001789 17.5227116419
1408 274 0.00955660777099 20.7470001789 20.7470001789 17.5529453572
1409 275 0.00955660777099 20.7470001789 20.7470001789 17.5831239518
1410 276 0.00955660777099 20.7470001789 20.7470001789 17.6132477258
1411 277 0.00955660777099 20.7470001789 20.7470001789 17.6433169771
1412 278 0.00955660777099 20.7470001789 20.7470001789 17.6733320005
1413 279 0.00955660777099 20.7470001789 20.7470001789 17.7032930885
1414 280 0.00955660777099 20.7470001789 20.7470001789 17.7332005307
1415 281 0.00955660777099 20.7470001789 20.7470001789 17.7630546142
1416 282 0.00955660777099 20.7470001789 20.7470001789 17.7928556237
1417 283 0.00955660777099 20.7470001789 20.7470001789 17.8226038413
1418 284 0.00955660777099 20.7470001789 20.7470001789 17.8522995464
1419 285 0.00955660777099 20.7470001789 20.7470001789 17.8819430161
1420 286 0.00955660777099 20.7470001789 20.7470001789 17.9115345253
1421 287 0.00955660777099 20.7470001789 20.7470001789 17.9410743461
1422 288 0.00955660777099 20.7470001789 20.7470001789 17.9705627485
1423 289 0.00955660777099 20.7470001789 20.7470001789 18.0
1424 290 0.00955660777099 20.7470001789 20.7470001789 18.0293863659
1425 291 0.00955660777099 20.7470001789 20.7470001789 18.0587221092
1426 292 0.00955660777099 20.7470001789 20.7470001789 18.0880074906
1427 293 0.00955660777099 20.7470001789 20.7470001789 18.1172427686
1428 294 0.00955660777099 20.7470001789 20.7470001789 18.1464281995
1429 295 0.00955660777099 20.7470001789 20.7470001789 18.1755640373
1430 296 0.00955660777099 20.7470001789 20.7470001789 18.2046505341
1431 297 0.00955660777099 20.7470001789 20.7470001789 18.2336879396
1432 298 0.00955660777099 20.7470001789 20.7470001789 18.2626765016
1433 299 0.00955660777099 20.7470001789 20.7470001789 18.2916164658
1434 300 0.00955660777099 20.7470001789 20.7470001789 18.3205080757
1435 301 0.00955660777099 20.7470001789 20.7470001789 18.3493515729
1436 302 0.00955660777099 20.7470001789 20.7470001789 18.378147197
1437 303 0.00955660777099 20.7470001789 20.7470001789 18.4068951855
1438 304 0.00955660777099 20.7470001789 20.7470001789 18.4355957742
1439 305 0.00955660777099 20.7470001789 20.7470001789 18.4642491966
1440 306 0.00955660777099 20.7470001789 20.7470001789 18.4928556845
1441 307 0.00955660777099 20.7470001789 20.7470001789 18.5214154679
1442 308 0.00955660777099 20.7470001789 20.7470001789 18.5499287748
1443 309 0.00955660777099 20.7470001789 20.7470001789 18.5783958312
1444 310 0.00955660777099 20.7470001789 20.7470001789 18.6068168617
1445 311 0.00955660777099 20.7470001789 20.7470001789 18.6351920885
1446 312 0.00955660777099 20.7470001789 20.7470001789 18.6635217327
1447 313 0.00955660777099 20.7470001789 20.7470001789 18.691806013
1448 314 0.00955660777099 20.7470001789 20.7470001789 18.7200451467
1449 315 0.00955660777099 20.7470001789 20.7470001789 18.7482393493
1450 316 0.00955660777099 20.7470001789 20.7470001789 18.7763888346
1451 317 0.00955660777099 20.7470001789 20.7470001789 18.8044938148
1452 318 0.00955660777099 20.7470001789 20.7470001789 18.8325545001
1453 319 0.00955660777099 20.7470001789 20.7470001789 18.8605710995
1454 320 0.00955660777099 20.7470001789 20.7470001789 18.88854382
1455 321 0.00955660777099 20.7470001789 20.7470001789 18.9164728672
1456 322 0.00955660777099 20.7470001789 20.7470001789 18.9443584449
1457 323 0.00955660777099 20.7470001789 20.7470001789 18.9722007556
1458 324 0.00955660777099 20.7470001789 20.7470001789 19.0
1459 325 0.00955660777099 20.7470001789 20.7470001789 19.0277563773
1460 326 0.00955660777099 20.7470001789 20.7470001789 19.0554700853
1461 327 0.00955660777099 20.7470001789 20.7470001789 19.08314132
1462 328 0.00955660777099 20.7470001789 20.7470001789 19.1107702763
1463 329 0.00955660777099 20.7470001789 20.7470001789 19.1383571472
1464 330 0.00955660777099 20.7470001789 20.7470001789 19.1659021246
1465 331 0.00955660777099 20.7470001789 20.7470001789 19.1934053987
1466 332 0.00955660777099 20.7470001789 20.7470001789 19.2208671583
1467 333 0.00955660777099 20.7470001789 20.7470001789 19.2482875909
1468 334 0.00955660777099 20.7470001789 20.7470001789 19.2756668825
1469 335 0.00955660777099 20.7470001789 20.7470001789 19.3030052177
1470 336 0.00955660777099 20.7470001789 20.7470001789 19.3303027798
1471 337 0.00955660777099 20.7470001789 20.7470001789 19.3575597507
1472 338 0.00955660777099 20.7470001789 20.7470001789 19.3847763109
1473 339 0.00955660777099 20.7470001789 20.7470001789 19.4119526395
1474 340 0.00955660777099 20.7470001789 20.7470001789 19.4390889146
1475 341 0.00955660777099 20.7470001789 20.7470001789 19.4661853126
1476 342 0.00955660777099 20.7470001789 20.7470001789 19.4932420089
1477 343 0.00955660777099 20.7470001789 20.7470001789 19.5202591775
1478 344 0.00955660777099 20.7470001789 20.7470001789 19.547236991
1479 345 0.00955660777099 20.7470001789 20.7470001789 19.574175621
1480 346 0.00955660777099 20.7470001789 20.7470001789 19.6010752377
1481 347 0.00955660777099 20.7470001789 20.7470001789 19.6279360102
1482 348 0.00955660777099 20.7470001789 20.7470001789 19.6547581062
1483 349 0.00955660777099 20.7470001789 20.7470001789 19.6815416923
1484 350 0.00955660777099 20.7470001789 20.7470001789 19.7082869339
1485 351 0.00955660777099 20.7470001789 20.7470001789 19.7349939952
1486 352 0.00955660777099 20.7470001789 20.7470001789 19.7616630393
1487 353 0.00955660777099 20.7470001789 20.7470001789 19.7882942281
1488 354 0.00955660777098 20.7470001789 20.7470001789 19.8148877222
1489 355 0.00955660777098 20.7470001789 20.7470001789 19.8414436814
1490 356 0.00955660777098 20.7470001789 20.7470001789 19.8679622641
1491 357 0.00955660777098 20.7470001789 20.7470001789 19.8944436277
1492 358 0.00955660777098 20.7470001789 20.7470001789 19.9208879284
1493 359 0.00955660777098 20.7470001789 20.7470001789 19.9472953215
1494 360 0.00955660777098 20.7470001789 20.7470001789 19.973665961
1495 361 0.00955660777098 20.7470001789 20.7470001789 20.0
1496 362 0.00955660777098 20.7470001789 20.7470001789 20.0262975904
1497 363 0.00955660777098 20.7470001789 20.7470001789 20.0525588833
1498 364 0.00955660777098 20.7470001789 20.7470001789 20.0787840283
1499 365 0.00955660777098 20.7470001789 20.7470001789 20.1049731745
1500 366 0.00955660777098 20.7470001789 20.7470001789 20.1311264697
1501 367 0.00955660777097 20.7470001789 20.7470001789 20.1572440607
1502 368 0.00955660777097 20.7470001789 20.7470001789 20.1833260933
1503 369 0.00955660777097 20.7470001789 20.7470001789 20.2093727123
1504 370 0.00955660777097 20.7470001789 20.7470001789 20.2353840617
1505 371 0.00955660777097 20.7470001789 20.7470001789 20.2613602843
1506 372 0.00955660777096 20.7470001789 20.7470001789 20.287301522
1507 373 0.00955660777096 20.7470001789 20.7470001789 20.3132079158
1508 374 0.00955660777096 20.7470001789 20.7470001789 20.3390796058
1509 375 0.00955660777095 20.7470001789 20.7470001789 20.364916731
1510 376 0.00955660777095 20.7470001789 20.7470001789 20.3907194297
1511 377 0.00955660777094 20.7470001789 20.7470001789 20.4164878389
1512 378 0.00955660777093 20.7470001789 20.7470001789 20.4422220952
1513 379 0.00955660777092 20.7470001789 20.7470001789 20.4679223339
1514 380 0.0095566077709 20.7470001789 20.7470001789 20.4935886896
1515 381 0.00955660777087 20.7470001789 20.7470001789 20.5192212959
1516 382 0.00955660777084 20.7470001789 20.7470001789 20.5448202857
1517 383 0.00955660777079 20.7470001789 20.7470001789 20.5703857908
1518 384 0.0095566077707 20.7470001789 20.7470001789 20.5959179423
1519 385 0.00955660777055 20.7470001789 20.7470001789 20.6214168703
1520 386 0.00955660777021 20.7470001789 20.7470001789 20.6468827044
1521 387 0.00955660776929 20.7470001789 20.7470001789 20.6723155729
1522 388 0.0095566077645 20.7470001789 20.7470001789 20.6977156036
1523 389 0.00955660306519 20.7470001792 20.7470001789 20.7230829233
1524 390 0.2261084709 20.7713382917 20.7470001789 20.7484176581
1525 391 0.226137053322 20.7966141046 20.7470001789 20.7737199333
1526 392 0.226165531639 20.8218576767 20.7470001789 20.7989898732
1527 393 0.226193906578 20.8470691312 20.7470001789 20.8242276016
1528 394 0.226222178778 20.8722485904 20.7470001789 20.8494332413
1529 395 0.226250348865 20.8973961757 20.7470001789 20.8746069144
1530 396 0.226278417455 20.922512008 20.7470001789 20.8997487421
1531 397 0.226306385162 20.9475962073 20.7470001789 20.9248588452
1532 398 0.226334252592 20.9726488928 20.7470001789 20.9499373433
1533 399 0.226362020346 20.9976701829 20.7470001789 20.9749843554
1534 400 0.226389689022 21.0226601955 20.7470001789 21.0
1535 401 0.22641725921 21.0476190476 20.7470001789 21.0249843945
1536 402 0.226444731497 21.0725468555 20.7470001789 21.0499376558
1537 403 0.226472106464 21.0974437347 20.7470001789 21.0748598999
1538 404 0.226499384689 21.1223098001 20.7470001789 21.0997512422
1539 405 0.226526566743 21.1471451659 20.7470001789 21.1246117975
1540 406 0.226553653193 21.1719499455 20.7470001789 21.1494416796
1541 407 0.226580644602 21.1967242517 20.7470001789 21.1742410018
1542 408 0.226607541528 21.2214681964 20.7470001789 21.1990098767
1543 409 0.226634344525 21.2461818912 20.7470001789 21.2237484162
1544 410 0.22666105414 21.2708654466 20.7470001789 21.2484567313
1545 411 0.226687670918 21.2955189727 20.7470001789 21.2731349327
1546 412 0.226714195399 21.3201425789 20.7470001789 21.2977831302
1547 413 0.226740628119 21.3447363738 20.7470001789 21.3224014329
1548 414 0.226766969608 21.3693004655 20.7470001789 21.3469899494
1549 415 0.226793220393 21.3938349614 20.7470001789 21.3715487875
1550 416 0.226819380997 21.4183399681 20.7470001789 21.3960780544
1551 417 0.226845451938 21.4428155919 20.7470001789 21.4205778567
1552 418 0.22687143373 21.4672619381 20.7470001789 21.4450483003
1553 419 0.226897326883 21.4916791115 20.7470001789 21.4694894905
1554 420 0.226923131903 21.5160672165 20.7470001789 21.4939015319
1555 421 0.226948849292 21.5404263566 20.7470001789 21.5182845287
1556 422 0.226974479547 21.5647566347 20.7470001789 21.5426385842
1557 423 0.227000023163 21.5890581533 20.7470001789 21.5669638012
1558 424 0.227025480629 21.613331014 20.7470001789 21.591260282
1559 425 0.227050852431 21.6375753181 20.7470001789 21.6155281281
1560 426 0.227076139053 21.6617911661 20.7470001789 21.6397674406
1561 427 0.227101340971 21.6859786581 20.7470001789 21.6639783198
1562 428 0.227126458661 21.7101378933 20.7470001789 21.6881608656
1563 429 0.227151492594 21.7342689707 20.7470001789 21.7123151772
1564 430 0.227176443236 21.7583719884 20.7470001789 21.7364413533
1565 431 0.227201311052 21.7824470441 20.7470001789 21.760539492
1566 432 0.227226096502 21.806494235 20.7470001789 21.7846096908
1567 433 0.227250800042 21.8305136576 20.7470001789 21.8086520467
1568 434 0.227275422124 21.8545054079 20.7470001789 21.832666656
1569 435 0.227299963198 21.8784695813 20.7470001789 21.8566536146
1570 436 0.22732442371 21.9024062727 20.7470001789 21.8806130178
1571 437 0.227348804102 21.9263155765 20.7470001789 21.9045449604
1572 438 0.227373104814 21.9501975864 20.7470001789 21.9284495365
1573 439 0.22739732628 21.9740523958 20.7470001789 21.9523268398
1574 440 0.227421468934 21.9978800974 20.7470001789 21.9761769634
1575 441 0.227445533204 22.0216807834 20.7470001789 22.0
1576 442 0.227469519516 22.0454545455 20.7470001789 22.0237960416
1577 443 0.227493428293 22.0692014748 20.7470001789 22.0475651798
1578 444 0.227517259953 22.0929216622 20.7470001789 22.0713075057
1579 445 0.227541014913 22.1166151976 20.7470001789 22.0950231097
1580 446 0.227564693586 22.1402821708 20.7470001789 22.1187120819
1581 447 0.227588296382 22.1639226709 20.7470001789 22.1423745119
1582 448 0.227611823707 22.1875367866 20.7470001789 22.1660104885
1583 449 0.227635275965 22.2111246059 20.7470001789 22.1896201004
1584 450 0.227658653557 22.2346862167 20.7470001789 22.2132034356
1585 451 0.227681956881 22.2582217061 20.7470001789 22.2367605816
1586 452 0.22770518633 22.2817311607 20.7470001789 22.2602916255
1587 453 0.227728342298 22.3052146668 20.7470001789 22.2837966538
1588 454 0.227751425172 22.3286723101 20.7470001789 22.3072757527
1589 455 0.227774435339 22.352104176 20.7470001789 22.3307290077
1590 456 0.227797373182 22.3755103491 20.7470001789 22.3541565041
1591 457 0.227820239081 22.398890914 20.7470001789 22.3775583264
1592 458 0.227843033414 22.4222459543 20.7470001789 22.400934559
1593 459 0.227865756555 22.4455755537 20.7470001789 22.4242852856
1594 460 0.227888408877 22.468879795 20.7470001789 22.4476105895
1595 461 0.227910990748 22.4921587607 20.7470001789 22.4709105536
1596 462 0.227933502535 22.5154125331 20.7470001789 22.4941852602
1597 463 0.227955944602 22.5386411935 20.7470001789 22.5174347914
1598 464 0.22797831731 22.5618448234 20.7470001789 22.5406592285
1599 465 0.228000621018 22.5850235033 20.7470001789 22.5638586528
1600 466 0.228022856082 22.6081773137 20.7470001789 22.5870331449
1601 467 0.228045022854 22.6313063345 20.7470001789 22.610182785
1602 468 0.228067121687 22.654410645 20.7470001789 22.6333076528
1603 469 0.228089152929 22.6774903244 20.7470001789 22.6564078277
1604 470 0.228111116924 22.7005454513 20.7470001789 22.6794833887
1605 471 0.228133014017 22.7235761038 20.7470001789 22.7025344142
1606 472 0.228154844549 22.7465823598 20.7470001789 22.7255609824
1607 473 0.228176608857 22.7695642966 20.7470001789 22.7485631709
1608 474 0.228198307279 22.7925219912 20.7470001789 22.7715410571
1609 475 0.228219940147 22.8154555202 20.7470001789 22.7944947177
1610 476 0.228241507793 22.8383649597 20.7470001789 22.8174242293
1611 477 0.228263010546 22.8612503855 20.7470001789 22.8403296678
1612 478 0.228284448733 22.884111873 20.7470001789 22.8632111091
1613 479 0.228305822677 22.9069494971 20.7470001789 22.8860686282
1614 480 0.228327132702 22.9297633325 20.7470001789 22.9089023002
1615 481 0.228348379126 22.9525534532 20.7470001789 22.9317121995
1616 482 0.228369562267 22.9753199332 20.7470001789 22.9544984001
1617 483 0.228390682441 22.9980628458 20.7470001789 22.9772609758
1618 484 0.228411739961 23.0207822642 20.7470001789 23.0
1619 485 0.228432735137 23.0434782609 20.7470001789 23.0227155455
1620 486 0.228453668278 23.0661509082 20.7470001789 23.045407685
1621 487 0.228474539692 23.0888002782 20.7470001789 23.0680764907
1622 488 0.228495349682 23.1114264423 20.7470001789 23.0907220344
1623 489 0.228516098551 23.1340294718 20.7470001789 23.1133443875
1624 490 0.228536786599 23.1566094375 20.7470001789 23.1359436212
1625 491 0.228557414124 23.1791664098 20.7470001789 23.1585198062
1626 492 0.228577981423 23.2017004588 20.7470001789 23.1810730128
1627 493 0.228598488789 23.2242116544 20.7470001789 23.2036033112
1628 494 0.228618936516 23.2467000659 20.7470001789 23.2261107709
1629 495 0.228639324893 23.2691657623 20.7470001789 23.2485954613
1630 496 0.228659654207 23.2916088124 20.7470001789 23.2710574513
1631 497 0.228679924747 23.3140292846 20.7470001789 23.2934968096
1632 498 0.228700136794 23.3364272467 20.7470001789 23.3159136044
1633 499 0.228720290633 23.3588027666 20.7470001789 23.3383079037
1634 500 0.228740386544 23.3811559115 20.7470001789 23.360679775
1635 501 0.228760424804 23.4034867485 20.7470001789 23.3830292856
1636 502 0.228780405691 23.4257953442 20.7470001789 23.4053565024
1637 503 0.228800329479 23.4480817649 20.7470001789 23.427661492
1638 504 0.228820196442 23.4703460767 20.7470001789 23.4499443206
1639 505 0.22884000685 23.4925883451 20.7470001789 23.4722050542
1640 506 0.228859760974 23.5148086357 20.7470001789 23.4944437584
1641 507 0.228879459079 23.5370070134 20.7470001789 23.5166604984
1642 508 0.228899101432 23.5591835429 20.7470001789 23.5388553392
1643 509 0.228918688298 23.5813382886 20.7470001789 23.5610283454
1644 510 0.228938219938 23.6034713145 20.7470001789 23.5831795813
1645 511 0.228957696612 23.6255826846 20.7470001789 23.6053091109
1646 512 0.22897711858 23.6476724621 20.7470001789 23.627416998
1647 513 0.228996486098 23.6697407103 20.7470001789 23.6495033058
1648 514 0.229015799422 23.691787492 20.7470001789 23.6715680975
1649 515 0.229035058806 23.7138128696 20.7470001789 23.6936114358
1650 516 0.229054264501 23.7358169055 20.7470001789 23.7156333832
1651 517 0.229073416758 23.7577996616 20.7470001789 23.7376340018
1652 518 0.229092515826 23.7797611995 20.7470001789 23.7596133535
1653 519 0.229111561951 23.8017015805 20.7470001789 23.7815714998
1654 520 0.22913055538 23.8236208656 20.7470001789 23.803508502
1655 521 0.229149496355 23.8455191157 20.7470001789 23.825424421
1656 522 0.229168385121 23.8673963911 20.7470001789 23.8473193176
1657 523 0.229187221916 23.889252752 20.7470001789 23.8691932521
1658 524 0.22920600698 23.9110882583 20.7470001789 23.8910462845
1659 525 0.229224740552 23.9329029696 20.7470001789 23.9128784748
1660 526 0.229243422867 23.9546969452 20.7470001789 23.9346898824
1661 527 0.229262054159 23.976470244 20.7470001789 23.9564805665
1662 528 0.229280634662 23.998222925 20.7470001789 23.9782505862
1663 529 0.229299164608 24.0199550465 20.7470001789 24.0
1664 530 0.229317644226 24.0416666667 20.7470001789 24.0217288664
1665 531 0.229336073745 24.0633578435 20.7470001789 24.0434372436
1666 532 0.229354453392 24.0850286346 20.7470001789 24.0651251893
1667 533 0.229372783394 24.1066790974 20.7470001789 24.0867927612
1668 534 0.229391063974 24.128309289 20.7470001789 24.1084400166
1669 535 0.229409295356 24.1499192661 20.7470001789 24.1300670124
1670 536 0.22942747776 24.1715090855 20.7470001789 24.1516738056
1671 537 0.229445611407 24.1930788033 20.7470001789 24.1732604525
1672 538 0.229463696516 24.2146284757 20.7470001789 24.1948270095
1673 539 0.229481733304 24.2361581585 20.7470001789 24.2163735325
1674 540 0.229499721986 24.2576679071 20.7470001789 24.2379000772
1675 541 0.229517662778 24.2791577768 20.7470001789 24.2594066992
1676 542 0.229535555893 24.3006278227 20.7470001789 24.2808934536
1677 543 0.229553401543 24.3220780996 20.7470001789 24.3023603955
1678 544 0.229571199938 24.3435086619 20.7470001789 24.3238075794
1679 545 0.229588951287 24.3649195639 20.7470001789 24.3452350599
1680 546 0.2296066558 24.3863108596 20.7470001789 24.3666428911
1681 547 0.229624313681 24.4076826028 20.7470001789 24.3880311271
1682 548 0.229641925138 24.4290348471 20.7470001789 24.4093998214
1683 549 0.229659490373 24.4503676456 20.7470001789 24.4307490277
1684 550 0.229677009591 24.4716810515 20.7470001789 24.4520787991
1685 551 0.229694482992 24.4929751175 20.7470001789 24.4733891886
1686 552 0.229711910777 24.5142498962 20.7470001789 24.4946802489
1687 553 0.229729293145 24.53550544 20.7470001789 24.5159520326
1688 554 0.229746630294 24.5567418008 20.7470001789 24.5372045919
1689 555 0.229763922422 24.5779590306 20.7470001789 24.5584379788
1690 556 0.229781169723 24.5991571809 20.7470001789 24.5796522451
1691 557 0.229798372391 24.6203363032 20.7470001789 24.6008474424
1692 558 0.229815530621 24.6414964486 20.7470001789 24.622023622
1693 559 0.229832644604 24.662637668 20.7470001789 24.6431808351
1694 560 0.229849714531 24.6837600122 20.7470001789 24.6643191324
1695 561 0.229866740592 24.7048635316 20.7470001789 24.6854385647
1696 562 0.229883722975 24.7259482764 20.7470001789 24.7065391823
1697 563 0.229900661867 24.7470142967 20.7470001789 24.7276210354
1698 564 0.229917557456 24.7680616422 20.7470001789 24.7486841741
1699 565 0.229934409926 24.7890903627 20.7470001789 24.769728648
1700 566 0.229951219461 24.8101005073 20.7470001789 24.7907545067
1701 567 0.229967986244 24.8310921253 20.7470001789 24.8117617996
1702 568 0.229984710457 24.8520652657 20.7470001789 24.8327505756
1703 569 0.230001392281 24.873019977 20.7470001789 24.8537208838
1704 570 0.230018031896 24.8939563078 20.7470001789 24.8746727726
1705 571 0.23003462948 24.9148743065 20.7470001789 24.8956062907
1706 572 0.23005118521 24.935774021 20.7470001789 24.9165214862
1707 573 0.230067699264 24.9566554993 20.7470001789 24.9374184072
1708 574 0.230084171817 24.977518789 20.7470001789 24.9582971014
1709 575 0.230100603043 24.9983639376 20.7470001789 24.9791576166
1710 576 0.230116993116 25.0191909922 20.7470001789 25.0
1711 577 0.230133342208 25.04 20.7470001789 25.0208242989
1712 578 0.23014965049 25.0607910078 20.7470001789 25.0416305603
1713 579 0.230165918134 25.0815640622 20.7470001789 25.062418831
1714 580 0.230182145307 25.1023192096 20.7470001789 25.0831891576
1715 581 0.23019833218 25.1230564964 20.7470001789 25.1039415864
1716 582 0.230214478918 25.1437759684 20.7470001789 25.1246761636
1717 583 0.23023058569 25.1644776717 20.7470001789 25.1453929353
1718 584 0.230246652659 25.1851616517 20.7470001789 25.1660919472
1719 585 0.23026267999 25.205827954 20.7470001789 25.1867732449
1720 586 0.230278667848 25.2264766237 20.7470001789 25.2074368738
1721 587 0.230294616395 25.2471077061 20.7470001789 25.2280828792
1722 588 0.230310525792 25.2677212459 20.7470001789 25.248711306
1723 589 0.2303263962 25.2883172877 20.7470001789 25.269322199
1724 590 0.230342227779 25.3088958762 20.7470001789 25.289915603
1725 591 0.230358020688 25.3294570556 20.7470001789 25.3104915623
1726 592 0.230373775085 25.35000087 20.7470001789 25.3310501212
1727 593 0.230389491127 25.3705273634 20.7470001789 25.3515913238
1728 594 0.23040516897 25.3910365794 20.7470001789 25.3721152139
1729 595 0.23042080877 25.4115285617 20.7470001789 25.3926218353
1730 596 0.23043641068 25.4320033535 20.7470001789 25.4131112315
1731 597 0.230451974855 25.4524609982 20.7470001789 25.4335834457
1732 598 0.230467501447 25.4729015388 20.7470001789 25.4540385213
1733 599 0.230482990608 25.493325018 20.7470001789 25.474476501
1734 600 0.230498442489 25.5137314785 20.7470001789 25.4948974278
1735 601 0.230513857239 25.5341209628 20.7470001789 25.5153013443
1736 602 0.230529235009 25.5544935132 20.7470001789 25.5356882928
1737 603 0.230544575946 25.5748491718 20.7470001789 25.5560583156
