522 5 0.0512376872258 13.0985106622 13.0985093685 3.2360679775
523 6 0.0512376872203 13.0985106623 13.0985093685 3.44948974278
524 7 0.0512376872147 13.0985106623 13.0985093685 3.64575131106
525 8 0.0512376872091 13.0985106624 13.0985093685 3.82842712475
526 9 0.0512376872033 13.0985106624 13.0985093685 4.0
527 10 0.0512376871975 13.0985106625 13.0985093685 4.16227766017
528 11 0.0512376871915 13.0985106625 13.0985093685 4.31662479036
529 12 0.0512376871854 13.0985106626 13.0985093685 4.46410161514
530 13 0.0512376871793 13.0985106627 13.0985093685 4.60555127546
531 14 0.051237687173 13.0985106627 13.0985093685 4.74165738677
532 15 0.0512376871666 13.0985106628 13.0985093685 4.87298334621
533 16 0.0512376871601 13.0985106629 13.0985093685 5.0
534 17 0.0512376871534 13.0985106629 13.0985093685 5.12310562562
535 18 0.0512376871467 13.098510663 13.0985093685 5.24264068712
536 19 0.0512376871398 13.0985106631 13.0985093685 5.35889894354
537 20 0.0512376871327 13.0985106631 13.0985093685 5.472135955
538 21 0.0512376871256 13.0985106632 13.0985093685 5.58257569496
539 22 0.0512376871183 13.0985106633 13.0985093685 5.69041575982
540 23 0.0512376871108 13.0985106633 13.0985093685 5.79583152331
541 24 0.0512376871033 13.0985106634 13.0985093685 5.89897948557
542 25 0.0512376870955 13.0985106635 13.0985093685 6.0
543 26 0.0512376870876 13.0985106636 13.0985093685 6.09901951359
544 27 0.0512376870796 13.0985106636 13.0985093685 6.19615242271
545 28 0.0512376870714 13.0985106637 13.0985093685 6.29150262213
546 29 0.051237687063 13.0985106638 13.0985093685 6.38516480713
547 30 0.0512376870544 13.0985106639 13.0985093685 6.47722557505
548 31 0.0512376870457 13.098510664 13.0985093685 6.56776436283
549 32 0.0512376870368 13.0985106641 13.0985093685 6.65685424949
550 33 0.0512376870276 13.0985106641 13.0985093685 6.74456264654
551 34 0.0512376870183 13.0985106642 13.0985093685 6.83095189485
552 35 0.0512376870088 13.0985106643 13.0985093685 6.9160797831
553 36 0.0512376869991 13.0985106644 13.0985093685 7.0
554 37 0.0512376869891 13.0985106645 13.0985093685 7.0827625303
555 38 0.0512376869789 13.0985106646 13.0985093685 7.16441400297
556 39 0.0512376869685 13.0985106647 13.0985093685 7.2449979984
557 40 0.0512376869579 13.0985106648 13.0985093685 7.32455532034
558 41 0.051237686947 13.0985106649 13.0985093685 7.40312423743
559 42 0.0512376869358 13.098510665 13.0985093685 7.48074069841
560 43 0.0512376869244 13.0985106651 13.0985093685 7.5574385243
561 44 0.0512376869127 13.0985106652 13.0985093685 7.63324958071
562 45 0.0512376869008 13.0985106653 13.0985093685 7.7082039325
563 46 0.0512376868885 13.0985106654 13.0985093685 7.78232998313
564 47 0.0512376868759 13.0985106655 13.0985093685 7.8556546004
565 48 0.051237686863 13.0985106656 13.0985093685 7.92820323028
566 49 0.0512376868498 13.0985106658 13.0985093685 8.0
567 50 0.0512376868363 13.0985106659 13.0985093685 8.07106781187
568 51 0.0512376868223 13.098510666 13.0985093685 8.14142842854
569 52 0.0512376868081 13.0985106661 13.0985093685 8.21110255093
570 53 0.0512376867934 13.0985106662 13.0985093685 8.28010988928
571 54 0.0512376867784 13.0985106664 13.0985093685 8.34846922835
572 55 0.0512376867629 13.0985106665 13.0985093685 8.4161984871
573 56 0.051237686747 13.0985106666 13.0985093685 8.48331477355
574 57 0.0512376867307 13.0985106668 13.0985093685 8.54983443527
575 58 0.0512376867139 13.0985106669 13.0985093685 8.61577310586
576 59 0.0512376866966 13.0985106671 13.0985093685 8.68114574787
577 60 0.0512376866788 13.0985106672 13.0985093685 8.74596669241
578 61 0.0512376866605 13.0985106674 13.0985093685 8.81024967591
579 62 0.0512376866417 13.0985106675 13.0985093685 8.87400787401
580 63 0.0512376866222 13.0985106677 13.0985093685 8.93725393319
581 64 0.0512376866022 13.0985106678 13.0985093685 9.0
582 65 0.0512376865816 13.098510668 13.0985093685 9.0622577483
583 66 0.0512376865603 13.0985106682 13.0985093685 9.12403840464
584 67 0.0512376865383 13.0985106684 13.0985093685 9.18535277187
585 68 0.0512376865156 13.0985106685 13.0985093685 9.24621125124
586 69 0.0512376864922 13.0985106687 13.0985093685 9.30662386292
587 70 0.051237686468 13.0985106689 13.0985093685 9.36660026534
588 71 0.051237686443 13.0985106691 13.0985093685 9.42614977318
589 72 0.0512376864171 13.0985106693 13.0985093685 9.48528137424
590 73 0.0512376863903 13.0985106695 13.0985093685 9.54400374532
591 74 0.0512376863626 13.0985106697 13.0985093685 9.60232526704
592 75 0.0512376863338 13.0985106699 13.0985093685 9.66025403784
593 76 0.0512376863041 13.0985106702 13.0985093685 9.71779788708
594 77 0.0512376862732 13.0985106704 13.0985093685 9.77496438739
595 78 0.0512376862411 13.0985106706 13.0985093685 9.83176086633
596 79 0.0512376862078 13.0985106709 13.0985093685 9.88819441732
597 80 0.0512376861732 13.0985106711 13.0985093685 9.94427191
598 81 0.0512376861373 13.0985106714 13.0985093685 10.0
599 82 0.0512376860999 13.0985106717 13.0985093685 10.0553851381
600 83 0.051237686061 13.0985106719 13.0985093685 10.1104335791
601 84 0.0512376860204 13.0985106722 13.0985093685 10.1651513899
602 85 0.0512376859781 13.0985106725 13.0985093685 10.2195444573
603 86 0.051237685934 13.0985106728 13.0985093685 10.2736184955
604 87 0.0512376858879 13.0985106731 13.0985093685 10.3273790531
605 88 0.0512376858397 13.0985106735 13.0985093685 10.3808315196
606 89 0.0512376857894 13.0985106738 13.0985093685 10.4339811321
607 90 0.0512376857367 13.0985106741 13.0985093685 10.4868329805
608 91 0.0512376856815 13.0985106745 13.0985093685 10.5393920142
609 92 0.0512376856235 13.0985106749 13.0985093685 10.5916630466
610 93 0.0512376855627 13.0985106753 13.0985093685 10.643650761
611 94 0.0512376854988 13.0985106757 13.0985093685 10.6953597148
612 95 0.0512376854316 13.0985106761 13.0985093685 10.7467943448
613 96 0.0512376853609 13.0985106765 13.0985093685 10.7979589711
614 97 0.0512376852863 13.098510677 13.0985093685 10.8488578018
615 98 0.0512376852075 13.0985106775 13.0985093685 10.8994949366
616 99 0.0512376851243 13.098510678 13.0985093685 10.9498743711
617 100 0.0512376850362 13.0985106785 13.0985093685 11.0
618 101 0.0512376849429 13.098510679 13.0985093685 11.0498756211
619 102 0.0512376848439 13.0985106796 13.0985093685 11.0995049384
620 103 0.0512376847386 13.0985106802 13.0985093685 11.1488915651
621 104 0.0512376846266 13.0985106808 13.0985093685 11.1980390272
622 105 0.0512376845072 13.0985106815 13.0985093685 11.246950766
623 106 0.0512376843797 13.0985106821 13.0985093685 11.295630141
624 107 0.0512376842433 13.0985106829 13.0985093685 11.3440804328
625 108 0.051237684097 13.0985106836 13.0985093685 11.3923048454
626 109 0.05123768394 13.0985106844 13.0985093685 11.4403065089
627 110 0.0512376837709 13.0985106853 13.0985093685 11.4880884817
628 111 0.0512376835886 13.0985106862 13.0985093685 11.5356537529
629 112 0.0512376833914 13.0985106871 13.0985093685 11.5830052443
630 113 0.0512376831776 13.0985106881 13.0985093685 11.6301458127
631 114 0.0512376829453 13.0985106892 13.0985093685 11.677078252
632 115 0.051237682692 13.0985106903 13.0985093685 11.7238052948
633 116 0.0512376824152 13.0985106915 13.0985093685 11.7703296143
634 117 0.0512376821114 13.0985106928 13.0985093685 11.8166538264
635 118 0.0512376817771 13.0985106942 13.0985093685 11.8627804912
636 119 0.0512376814078 13.0985106957 13.0985093685 11.9087121146
637 120 0.051237680998 13.0985106974 13.0985093685 11.9544511501
638 121 0.0512376805415 13.0985106991 13.0985093685 12.0
639 122 0.0512376800305 13.098510701 13.0985093685 12.0453610172
640 123 0.0512376794555 13.0985107031 13.0985093685 12.0905365064
641 124 0.0512376788049 13.0985107053 13.0985093685 12.1355287257
642 125 0.0512376780643 13.0985107078 13.0985093685 12.1803398875
643 126 0.0512376772155 13.0985107106 13.0985093685 12.2249721603
644 127 0.0512376762356 13.0985107136 13.0985093685 12.2694276696
645 128 0.0512376750948 13.098510717 13.0985093685 12.313708499
646 129 0.0512376737545 13.0985107208 13.0985093685 12.3578166916
647 130 0.0512376721636 13.098510725 13.0985093685 12.401754251
648 131 0.0512376702531 13.0985107299 13.0985093685 12.4455231423
649 132 0.0512376679281 13.0985107355 13.0985093685 12.4891252931
650 133 0.0512376650552 13.098510742 13.0985093685 12.5325625947
651 134 0.0512376614417 13.0985107496 13.0985093685 12.5758369028
652 135 0.051237656801 13.0985107586 13.0985093685 12.6189500386
653 136 0.051237650691 13.0985107696 13.0985093685 12.6619037897
654 137 0.0512376423997 13.0985107831 13.0985093685 12.7046999107
655 138 0.0512376307196 13.0985108002 13.0985093685 12.7473401245
656 139 0.0512376134634 13.0985108225 13.0985093685 12.7898261226
657 140 0.0512375863218 13.098510853 13.0985093685 12.8321595662
658 141 0.0512375397904 13.0985108969 13.0985093685 12.874342087
659 142 0.0512374492735 13.0985109658 13.0985093685 12.9163752878
660 143 0.0512372332605 13.0985110893 13.0985093685 12.9582607431
661 144 0.0512364688178 13.0985113751 13.0985093685 13.0
662 145 0.0512275630847 13.0985127574 13.0985093685 13.0415945788
663 146 0.212586906895 13.1182883077 13.0985093685 13.0830459736
664 147 0.212742936275 13.159494968 13.0985093685 13.124355653
665 148 0.212857231385 13.200563526 13.0985093685 13.1655250606
666 149 0.212968099217 13.2414943092 13.0985093685 13.2065556157
667 150 0.213077439331 13.2822885841 13.0985093685 13.2474487139
668 151 0.213185617434 13.3229476784 13.0985093685 13.2882057274
669 152 0.213292751914 13.3634729165 13.0985093685 13.3288280059
670 153 0.213398896634 13.4038656074 13.0985093685 13.3693168769
671 154 0.213504083358 13.4441270413 13.0985093685 13.409673646
672 155 0.213608334757 13.4842584887 13.0985093685 13.449899598
673 156 0.21371166919 13.5242612004 13.0985093685 13.4899959968
674 157 0.213814102719 13.5641364075 13.0985093685 13.5299640861
675 158 0.213915650048 13.6038853217 13.0985093685 13.56980509
676 159 0.214016324994 13.6435091361 13.0985093685 13.6095202129
677 160 0.214116140743 13.6830090248 13.0985093685 13.6491106407
678 161 0.214215109999 13.7223861439 13.0985093685 13.6885775404
679 162 0.214313245072 13.7616416317 13.0985093685 13.7279220614
680 163 0.214410557936 13.800776609 13.0985093685 13.7671453348
681 164 0.214507060262 13.8397921793 13.0985093685 13.8062484749
682 165 0.214602763452 13.8786894297 13.0985093685 13.8452325787
683 166 0.214697678654 13.9174694308 13.0985093685 13.8840987267
684 167 0.214791816775 13.9561332369 13.0985093685 13.9228479833
685 168 0.214885188501 13.9946818869 13.0985093685 13.9614813968
686 169 0.214977804295 14.0331164043 13.0985093685 14.0
687 170 0.215069674416 14.0714377974 13.0985093685 14.0384048104
688 171 0.215160808921 14.1096470597 13.0985093685 14.0766968306
689 172 0.215251217671 14.1477451703 13.0985093685 14.1148770486
690 173 0.21534091034 14.1857330943 13.0985093685 14.152946438
691 174 0.215429896418 14.2236117826 13.0985093685 14.1909059583
692 175 0.215518185215 14.2613821727 13.0985093685 14.2287565553
693 176 0.215605785871 14.2990451888 13.0985093685 14.2664991614
694 177 0.215692707355 14.3366017418 13.0985093685 14.3041346957
695 178 0.215778958471 14.37405273 13.0985093685 14.3416640641
696 179 0.215864547863 14.4113990391 13.0985093685 14.3790881603
697 180 0.215949484019 14.4486415423 13.0985093685 14.416407865
698 181 0.216033775273 14.4857811011 13.0985093685 14.4536240471
699 182 0.21611742981 14.5228185647 13.0985093685 14.4907375632
700 183 0.21620045567 14.559754771 13.0985093685 14.5277492585
701 184 0.21628286075 14.5965905464 13.0985093685 14.5646599663
702 185 0.216364652808 14.6333267061 13.0985093685 14.6014705087
703 186 0.216445839467 14.6699640543 13.0985093685 14.638181697
704 187 0.216526428216 14.7065033845 13.0985093685 14.6747943312
705 188 0.216606426415 14.7429454796 13.0985093685 14.7113092008
706 189 0.216685841298 14.7792911122 13.0985093685 14.7477270849
707 190 0.216764679972 14.8155410445 13.0985093685 14.7840487521
708 191 0.216842949427 14.8516960291 13.0985093685 14.8202749611
709 192 0.216920656531 14.8877568083 13.0985093685 14.8564064606
710 193 0.216997808037 14.9237241152 13.0985093685 14.8924439894
711 194 0.217074410585 14.9595986731 13.0985093685 14.9283882772
712 195 0.217150470704 14.9953811964 13.0985093685 14.9642400438
713 196 0.217225994814 15.03107239 13.0985093685 15.0
714 197 0.217300989228 15.06667295 13.0985093685 15.0356688476
715 198 0.217375460156 15.1021835637 13.0985093685 15.0712472795
716 199 0.217449413707 15.1376049099 13.0985093685 15.1067359797
717 200 0.217522855887 15.1729376585 13.0985093685 15.1421356237
718 201 0.217595792608 15.2081824715 13.0985093685 15.1774468788
719 202 0.217668229685 15.2433400024 13.0985093685 15.2126704036
720 203 0.217740172839 15.2784108969 13.0985093685 15.2478068488
721 204 0.2178116277 15.3133957924 13.0985093685 15.2828568571
722 205 0.217882599808 15.348295319 13.0985093685 15.3178210633
723 206 0.217953094614 15.3831100987 13.0985093685 15.3527000944
724 207 0.218023117486 15.4178407462 13.0985093685 15.3874945699
725 208 0.218092673703 15.4524878688 13.0985093685 15.4222051019
726 209 0.218161768466 15.4870520665 13.0985093685 15.4568322948
727 210 0.218230406892 15.5215339321 13.0985093685 15.4913767462
728 211 0.218298594019 15.5559340515 13.0985093685 15.5258390463
729 212 0.218366334808 15.5902530035 13.0985093685 15.5602197786
730 213 0.218433634144 15.6244913602 13.0985093685 15.5945195193
731 214 0.218500496835 15.6586496871 13.0985093685 15.6287388383
732 215 0.218566927618 15.6927285429 13.0985093685 15.6628782986
733 216 0.218632931158 15.7267284801 13.0985093685 15.6969384567
734 217 0.218698512048 15.7606500445 13.0985093685 15.7309198627
735 218 0.218763674813 15.7944937759 13.0985093685 15.7648230602
736 219 0.21882842391 15.8282602078 13.0985093685 15.7986485869
737 220 0.218892763729 15.8619498677 13.0985093685 15.8323969742
738 221 0.218956698597 15.8955632771 13.0985093685 15.8660687473
739 222 0.219020232774 15.9291009516 13.0985093685 15.8996644258
740 223 0.219083370458 15.9625634011 13.0985093685 15.9331845231
741 224 0.219146115788 15.9959511296 13.0985093685 15.9666295471
742 225 0.219208472839 16.0292646357 13.0985093685 16.0
743 226 0.219270445629 16.0625044124 13.0985093685 16.0332963784
744 227 0.219332038118 16.0956709472 13.0985093685 16.0665191733
745 228 0.219393254207 16.1287647225 13.0985093685 16.0996688705
746 229 0.219454097742 16.1617862151 13.0985093685 16.1327459504
747 230 0.219514572515 16.1947358968 13.0985093685 16.1657508881
748 231 0.219574682263 16.2276142342 13.0985093685 16.1986841536
749 232 0.21963443067 16.260421689 13.0985093685 16.2315462117
750 233 0.219693821368 16.2931587177 13.0985093685 16.2643375225
751 234 0.219752857939 16.3258257723 13.0985093685 16.2970585408
752 235 0.219811543912 16.3584232997 13.0985093685 16.3297097168
753 236 0.21986988277 16.390951742 13.0985093685 16.3622914957
754 237 0.219927877945 16.4234115368 13.0985093685 16.3948043183
755 238 0.219985532824 16.4558031171 13.0985093685 16.4272486205
756 239 0.220042850745 16.4881269113 13.0985093685 16.4596248337
757 240 0.220099835002 16.5203833434 13.0985093685 16.4919333848
758 241 0.220156488843 16.5525728328 13.0985093685 16.5241746963
759 242 0.220212815471 16.5846957949 13.0985093685 16.5563491861
760 243 0.220268818047 16.6167526406 13.0985093685 16.5884572681
761 244 0.220324499688 16.6487437765 13.0985093685 16.6204993518
762 245 0.220379863471 16.6806696052 13.0985093685 16.6524758425
763 246 0.220434912429 16.7125305253 13.0985093685 16.6843871414
764 247 0.220489649557 16.7443269311 13.0985093685 16.7162336455
765 248 0.220544077808 16.7760592132 13.0985093685 16.748015748
766 249 0.220598200098 16.807727758 13.0985093685 16.7797338381
767 250 0.220652019302 16.8393329482 13.0985093685 16.8113883008
768 251 0.220705538259 16.8708751626 13.0985093685 16.8429795178
769 252 0.220758759771 16.9023547764 13.0985093685 16.8745078664
770 253 0.220811686602 16.933772161 13.0985093685 16.9059737206
771 254 0.220864321481 16.9651276839 13.0985093685 16.9373774505
772 255 0.220916667101 16.9964217095 13.0985093685 16.9687194227
773 256 0.22096872612 17.0276545981 13.0985093685 17.0
774 257 0.221020501164 17.0588267069 13.0985093685 17.0312195419
775 258 0.221071994823 17.0899383895 13.0985093685 17.0623784042
776 259 0.221123209654 17.1209899959 13.0985093685 17.0934769394
777 260 0.221174148183 17.1519818731 13.0985093685 17.1245154966
778 261 0.221224812902 17.1829143644 13.0985093685 17.1554944214
779 262 0.221275206273 17.21378781 13.0985093685 17.1864140562
780 263 0.221325330728 17.244602547 13.0985093685 17.2172747402
781 264 0.221375188665 17.275358909 13.0985093685 17.2480768093
782 265 0.221424782455 17.3060572267 13.0985093685 17.2788205961
783 266 0.221474114439 17.3366978276 13.0985093685 17.3095064303
784 267 0.221523186928 17.3672810361 13.0985093685 17.3401346384
785 268 0.221572002206 17.3978071736 13.0985093685 17.3707055437
786 269 0.221620562526 17.4282765586 13.0985093685 17.4012194669
787 270 0.221668870117 17.4586895064 13.0985093685 17.4316767252
788 271 0.221716927178 17.4890463296 13.0985093685 17.4620776332
789 272 0.221764735883 17.519347338 13.0985093685 17.4924225025
790 273 0.221812298378 17.5495928383 13.0985093685 17.5227116419
791 274 0.221859616784 17.5797831346 13.0985093685 17.5529453572
792 275 0.221906693196 17.6099185281 13.0985093685 17.5831239518
793 276 0.221953529685 17.6399993175 13.0985093685 17.6132477258
794 277 0.222000128294 17.6700257984 13.0985093685 17.6433169771
795 278 0.222046491047 17.6999982642 13.0985093685 17.6733320005
796 279 0.222092619938 17.7299170053 13.0985093685 17.7032930885
797 280 0.222138516941 17.7597823098 13.0985093685 17.7332005307
798 281 0.222184184006 17.7895944629 13.0985093685 17.7630546142
799 282 0.22222962306 17.8193537476 13.0985093685 17.7928556237
800 283 0.222274836008 17.8490604443 13.0985093685 17.8226038413
801 284 0.22231982473 17.8787148307 13.0985093685 17.8522995464
802 285 0.222364591087 17.9083171824 13.0985093685 17.8819430161
803 286 0.222409136917 17.9378677724 13.0985093685 17.9115345253
804 287 0.222453464038 17.9673668714 13.0985093685 17.9410743461
805 288 0.222497574245 17.9968147476 13.0985093685 17.9705627485
806 289 0.222541469315 18.0262116671 13.0985093685 18.0
807 290 0.222585151002 18.0555578935 13.0985093685 18.0293863659
808 291 0.222628621042 18.0848536883 13.0985093685 18.0587221092
809 292 0.222671881149 18.1140993106 13.0985093685 18.0880074906
810 293 0.22271493302 18.1432950175 13.0985093685 18.1172427686
811 294 0.222757778332 18.1724410637 13.0985093685 18.1464281995
812 295 0.222800418741 18.2015377018 13.0985093685 18.1755640373
813 296 0.222842855888 18.2305851824 13.0985093685 18.2046505341
814 297 0.222885091393 18.2595837537 13.0985093685 18.2336879396
815 298 0.222927126859 18.2885336622 13.0985093685 18.2626765016
816 299 0.22296896387 18.317435152 13.0985093685 18.2916164658
817 300 0.223010603994 18.3462884653 13.0985093685 18.3205080757
818 301 0.223052048781 18.3750938423 13.0985093685 18.3493515729
819 302 0.223093299764 18.4038515213 13.0985093685 18.378147197
820 303 0.223134358458 18.4325617384 13.0985093685 18.4068951855
821 304 0.223175226363 18.4612247279 13.0985093685 18.4355957742
822 305 0.223215904962 18.4898407222 13.0985093685 18.4642491966
823 306 0.223256395722 18.5184099518 13.0985093685 18.4928556845
824 307 0.223296700093 18.5469326452 13.0985093685 18.5214154679
825 308 0.223336819512 18.5754090291 13.0985093685 18.5499287748
826 309 0.223376755398 18.6038393286 13.0985093685 18.5783958312
827 310 0.223416509155 18.6322237665 13.0985093685 18.6068168617
828 311 0.223456082172 18.6605625643 13.0985093685 18.6351920885
829 312 0.223495475825 18.6888559415 13.0985093685 18.6635217327
830 313 0.223534691474 18.7171041157 13.0985093685 18.691806013
831 314 0.223573730463 18.745307303 13.0985093685 18.7200451467
832 315 0.223612594124 18.7734657178 13.0985093685 18.7482393493
833 316 0.223651283774 18.8015795726 13.0985093685 18.7763888346
834 317 0.223689800717 18.8296490783 13.0985093685 18.8044938148
835 318 0.223728146243 18.8576744443 13.0985093685 18.8325545001
836 319 0.223766321627 18.8856558781 13.0985093685 18.8605710995
837 320 0.223804328132 18.9135935859 13.0985093685 18.88854382
838 321 0.223842167009 18.9414877719 13.0985093685 18.9164728672
839 322 0.223879839493 18.969338639 13.0985093685 18.9443584449
840 323 0.22391734681 18.9971463884 13.0985093685 18.9722007556
841 324 0.223954690169 19.0249112199 13.0985093685 19.0
842 325 0.223991870771 19.0526333315 13.0985093685 19.0277563773
843 326 0.224028889803 19.08031292 13.0985093685 19.0554700853
844 327 0.224065748437 19.1079501804 13.0985093685 19.08314132
845 328 0.224102447838 19.1355453064 13.0985093685 19.1107702763
846 329 0.224138989156 19.1630984902 13.0985093685 19.1383571472
847 330 0.224175373529 19.1906099224 13.0985093685 19.1659021246
848 331 0.224211602087 19.2180797924 13.0985093685 19.1934053987
849 332 0.224247675944 19.2455082879 13.0985093685 19.2208671583
850 333 0.224283596207 19.2728955955 13.0985093685 19.2482875909
851 334 0.224319363969 19.3002419002 13.0985093685 19.2756668825
852 335 0.224354980312 19.3275473855 13.0985093685 19.3030052177
853 336 0.224390446311 19.3548122339 13.0985093685 19.3303027798
854 337 0.224425763025 19.3820366263 13.0985093685 19.3575597507
855 338 0.224460931508 19.4092207421 13.0985093685 19.3847763109
856 339 0.224495952798 19.4363647598 13.0985093685 19.4119526395
857 340 0.224530827927 19.4634688563 13.0985093685 19.4390889146
858 341 0.224565557916 19.4905332072 13.0985093685 19.4661853126
859 342 0.224600143774 19.5175579869 13.0985093685 19.4932420089
860 343 0.224634586503 19.5445433686 13.0985093685 19.5202591775
861 344 0.224668887093 19.571489524 13.0985093685 19.547236991
862 345 0.224703046526 19.5983966238 13.0985093685 19.574175621
863 346 0.224737065773 19.6252648373 13.0985093685 19.6010752377
864 347 0.224770945798 19.6520943328 13.0985093685 19.6279360102
865 348 0.224804687552 19.6788852771 13.0985093685 19.6547581062
866 349 0.22483829198 19.7056378359 13.0985093685 19.6815416923
867 350 0.224871760018 19.7323521739 13.0985093685 19.7082869339
868 351 0.224905092591 19.7590284544 13.0985093685 19.7349939952
869 352 0.224938290616 19.7856668397 13.0985093685 19.7616630393
870 353 0.224971355002 19.8122674908 13.0985093685 19.7882942281
871 354 0.225004286649 19.8388305676 13.0985093685 19.8148877222
872 355 0.225037086449 19.865356229 13.0985093685 19.8414436814
873 356 0.225069755285 19.8918446327 13.0985093685 19.8679622641
874 357 0.22510229403 19.9182959352 13.0985093685 19.8944436277
875 358 0.225134703553 19.9447102921 13.0985093685 19.9208879284
876 359 0.225166984712 19.9710878578 13.0985093685 19.9472953215
877 360 0.225199138356 19.9974287855 13.0985093685 19.973665961
878 361 0.225231165329 20.0237332277 13.0985093685 20.0
879 362 0.225263066466 20.0500013355 13.0985093685 20.0262975904
880 363 0.225294842594 20.076233259 13.0985093685 20.0525588833
881 364 0.225326494532 20.1024291475 13.0985093685 20.0787840283
882 365 0.225358023092 20.1285891491 13.0985093685 20.1049731745
883 366 0.225389429079 20.1547134109 13.0985093685 20.1311264697
884 367 0.22542071329 20.1808020789 13.0985093685 20.1572440607
885 368 0.225451876514 20.2068552984 13.0985093685 20.1833260933
886 369 0.225482919536 20.2328732135 13.0985093685 20.2093727123
887 370 0.22551384313 20.2588559673 13.0985093685 20.2353840617
888 371 0.225544648065 20.2848037021 13.0985093685 20.2613602843
889 372 0.225575335102 20.310716559 13.0985093685 20.287301522
890 373 0.225605904997 20.3365946784 13.0985093685 20.3132079158
891 374 0.225636358498 20.3624381996 13.0985093685 20.3390796058
892 375 0.225666696346 20.3882472611 13.0985093685 20.364916731
893 376 0.225696919276 20.4140220003 13.0985093685 20.3907194297
894 377 0.225727028016 20.4397625539 13.0985093685 20.4164878389
895 378 0.225757023288 20.4654690576 13.0985093685 20.4422220952
896 379 0.225786905807 20.491141646 13.0985093685 20.4679223339
897 380 0.225816676282 20.5167804533 13.0985093685 20.4935886896
898 381 0.225846335416 20.5423856123 13.0985093685 20.5192212959
899 382 0.225875883907 20.5679572553 13.0985093685 20.5448202857
900 383 0.225905322443 20.5934955135 13.0985093685 20.5703857908
901 384 0.225934651711 20.6190005174 13.0985093685 20.5959179423
902 385 0.225963872387 20.6444723966 13.0985093685 20.6214168703
903 386 0.225992985146 20.6699112798 13.0985093685 20.6468827044
904 387 0.226021990653 20.6953172949 13.0985093685 20.6723155729
905 388 0.22605088957 20.7206905691 13.0985093685 20.6977156036
906 389 0.226079682552 20.7460312286 13.0985093685 20.7230829233
907 390 0.226108370249 20.7713393989 13.0985093685 20.7484176581
908 391 0.226136953304 20.7966152047 13.0985093685 20.7737199333
909 392 0.226165432357 20.8218587698 13.0985093685 20.7989898732
910 393 0.22619380804 20.8470702173 13.0985093685 20.8242276016
911 394 0.226222080981 20.8722496696 13.0985093685 20.8494332413
912 395 0.226250251803 20.8973972481 13.0985093685 20.8746069144
913 396 0.226278321122 20.9225130736 13.0985093685 20.8997487421
914 397 0.22630628955 20.9475972662 13.0985093685 20.9248588452
915 398 0.226334157694 20.9726499449 13.0985093685 20.9499373433
916 399 0.226361926156 20.9976712285 13.0985093685 20.9749843554
917 400 0.226389595532 21.0226612345 13.0985093685 21.0
918 401 0.226417166413 21.0476200801 13.0985093685 21.0249843945
919 402 0.226444639387 21.0725478816 13.0985093685 21.0499376558
920 403 0.226472015034 21.0974447544 13.0985093685 21.0748598999
921 404 0.226499293932 21.1223108135 13.0985093685 21.0997512422
922 405 0.226526476653 21.147146173 13.0985093685 21.1246117975
923 406 0.226553563763 21.1719509464 13.0985093685 21.1494416796
924 407 0.226580555826 21.1967252464 13.0985093685 21.1742410018
925 408 0.226607453399 21.221469185 13.0985093685 21.1990098767
926 409 0.226634257037 21.2461828737 13.0985093685 21.2237484162
927 410 0.226660967286 21.2708664231 13.0985093685 21.2484567313
928 411 0.226687584693 21.2955199433 13.0985093685 21.2731349327
929 412 0.226714109797 21.3201435436 13.0985093685 21.2977831302
930 413 0.226740543133 21.3447373326 13.0985093685 21.3224014329
931 414 0.226766885232 21.3693014185 13.0985093685 21.3469899494
932 415 0.226793136622 21.3938359086 13.0985093685 21.3715487875
933 416 0.226819297825 21.4183409097 13.0985093685 21.3960780544
934 417 0.226845369359 21.4428165278 13.0985093685 21.4205778567
935 418 0.226871351738 21.4672628684 13.0985093685 21.4450483003
936 419 0.226897245473 21.4916800363 13.0985093685 21.4694894905
937 420 0.226923051069 21.5160681357 13.0985093685 21.4939015319
938 421 0.226948769028 21.5404272703 13.0985093685 21.5182845287
939 422 0.226974399849 21.564757543 13.0985093685 21.5426385842
940 423 0.226999944025 21.5890590562 13.0985093685 21.5669638012
941 424 0.227025402046 21.6133319116 13.0985093685 21.591260282
942 425 0.227050774398 21.6375762104 13.0985093685 21.6155281281
943 426 0.227076061563 21.6617920532 13.0985093685 21.6397674406
944 427 0.227101264021 21.6859795399 13.0985093685 21.6639783198
945 428 0.227126382245 21.71013877 13.0985093685 21.6881608656
946 429 0.227151416708 21.7342698423 13.0985093685 21.7123151772
947 430 0.227176367875 21.7583728549 13.0985093685 21.7364413533
948 431 0.22720123621 21.7824479056 13.0985093685 21.760539492
949 432 0.227226022175 21.8064950915 13.0985093685 21.7846096908
950 433 0.227250726224 21.8305145092 13.0985093685 21.8086520467
951 434 0.227275348812 21.8545062545 13.0985093685 21.832666656
952 435 0.227299890386 21.8784704231 13.0985093685 21.8566536146
953 436 0.227324351395 21.9024071097 13.0985093685 21.8806130178
954 437 0.227348732279 21.9263164086 13.0985093685 21.9045449604
955 438 0.227373033477 21.9501984138 13.0985093685 21.9284495365
956 439 0.227397255427 21.9740532185 13.0985093685 21.9523268398
957 440 0.227421398559 21.9978809154 13.0985093685 21.9761769634
958 441 0.227445463303 22.0216815967 13.0985093685 22.0
959 442 0.227469450085 22.0454553542 13.0985093685 22.0237960416
960 443 0.227493359327 22.069202279 13.0985093685 22.0475651798
961 444 0.227517191448 22.0929224618 13.0985093685 22.0713075057
962 445 0.227540946866 22.1166159927 13.0985093685 22.0950231097
963 446 0.227564625992 22.1402829615 13.0985093685 22.1187120819
964 447 0.227588229237 22.1639234571 13.0985093685 22.1423745119
965 448 0.227611757007 22.1875375684 13.0985093685 22.1660104885
966 449 0.227635209706 22.2111253834 13.0985093685 22.1896201004
967 450 0.227658587735 22.2346869899 13.0985093685 22.2132034356
968 451 0.227681891492 22.2582224749 13.0985093685 22.2367605816
969 452 0.227705121371 22.2817319253 13.0985093685 22.2602916255
970 453 0.227728277764 22.3052154272 13.0985093685 22.2837966538
971 454 0.227751361061 22.3286730663 13.0985093685 22.3072757527
972 455 0.227774371646 22.352104928 13.0985093685 22.3307290077
973 456 0.227797309904 22.3755110971 13.0985093685 22.3541565041
974 457 0.227820176214 22.3988916578 13.0985093685 22.3775583264
975 458 0.227842970954 22.4222466941 13.0985093685 22.400934559
976 459 0.227865694499 22.4455762894 13.0985093685 22.4242852856
977 460 0.227888347221 22.4688805267 13.0985093685 22.4476105895
978 461 0.227910929489 22.4921594885 13.0985093685 22.4709105536
979 462 0.22793344167 22.5154132569 13.0985093685 22.4941852602
980 463 0.227955884127 22.5386419135 13.0985093685 22.5174347914
981 464 0.227978257222 22.5618455394 13.0985093685 22.5406592285
982 465 0.228000561313 22.5850242155 13.0985093685 22.5638586528
983 466 0.228022796757 22.6081780221 13.0985093685 22.5870331449
984 467 0.228044963907 22.6313070391 13.0985093685 22.610182785
985 468 0.228067063114 22.6544113458 13.0985093685 22.6333076528
986 469 0.228089094726 22.6774910215 13.0985093685 22.6564078277
987 470 0.228111059089 22.7005461446 13.0985093685 22.6794833887
988 471 0.228132956546 22.7235767935 13.0985093685 22.7025344142
989 472 0.228154787439 22.7465830458 13.0985093685 22.7255609824
990 473 0.228176552106 22.769564979 13.0985093685 22.7485631709
991 474 0.228198250882 22.79252267 13.0985093685 22.7715410571
992 475 0.228219884103 22.8154561954 13.0985093685 22.7944947177
993 476 0.228241452098 22.8383656314 13.0985093685 22.8174242293
994 477 0.228262955198 22.8612510537 13.0985093685 22.8403296678
995 478 0.228284393728 22.8841125377 13.0985093685 22.8632111091
996 479 0.228305768013 22.9069501584 13.0985093685 22.8860686282
997 480 0.228327078375 22.9297639902 13.0985093685 22.9089023002
998 481 0.228348325135 22.9525541076 13.0985093685 22.9317121995
999 482 0.228369508608 22.9753205842 13.0985093685 22.9544984001
1000 483 0.228390629112 22.9980634934 13.0985093685 22.9772609758
1001 484 0.228411686958 23.0207829084 13.0985093685 23.0
1002 485 0.228432682458 23.0434789018 13.0985093685 23.0227155455
1003 486 0.228453615921 23.0661515459 13.0985093685 23.045407685
1004 487 0.228474487654 23.0888009126 13.0985093685 23.0680764907
1005 488 0.22849529796 23.1114270734 13.0985093685 23.0907220344
1006 489 0.228516047142 23.1340300997 13.0985093685 23.1133443875
1007 490 0.228536735501 23.1566100621 13.0985093685 23.1359436212
1008 491 0.228557363335 23.1791670313 13.0985093685 23.1585198062
1009 492 0.22857793094 23.2017010772 13.0985093685 23.1810730128
1010 493 0.228598438611 23.2242122696 13.0985093685 23.2036033112
1011 494 0.228618886638 23.246700678 13.0985093685 23.2261107709
1012 495 0.228639275314 23.2691663713 13.0985093685 23.2485954613
1013 496 0.228659604925 23.2916094184 13.0985093685 23.2710574513
1014 497 0.228679875758 23.3140298874 13.0985093685 23.2934968096
1015 498 0.228700088098 23.3364278466 13.0985093685 23.3159136044
1016 499 0.228720242226 23.3588033635 13.0985093685 23.3383079037
1017 500 0.228740338423 23.3811565054 13.0985093685 23.360679775
1018 501 0.228760376969 23.4034873394 13.0985093685 23.3830292856
1019 502 0.228780358138 23.4257959321 13.0985093685 23.4053565024
1020 503 0.228800282207 23.4480823499 13.0985093685 23.427661492
1021 504 0.228820149448 23.4703466588 13.0985093685 23.4499443206
1022 505 0.228839960132 23.4925889244 13.0985093685 23.4722050542
1023 506 0.228859714528 23.5148092121 13.0985093685 23.4944437584
1024 507 0.228879412905 23.5370075869 13.0985093685 23.5166604984
1025 508 0.228899055528 23.5591841136 13.0985093685 23.5388553392
1026 509 0.228918642661 23.5813388565 13.0985093685 23.5610283454
1027 510 0.228938174566 23.6034718797 13.0985093685 23.5831795813
1028 511 0.228957651504 23.625583247 13.0985093685 23.6053091109
1029 512 0.228977073732 23.6476730218 13.0985093685 23.627416998
1030 513 0.22899644151 23.6697412672 13.0985093685 23.6495033058
1031 514 0.229015755091 23.6917880462 13.0985093685 23.6715680975
1032 515 0.22903501473 23.7138134212 13.0985093685 23.6936114358
1033 516 0.229054220678 23.7358174544 13.0985093685 23.7156333832
1034 517 0.229073373187 23.7578002078 13.0985093685 23.7376340018
1035 518 0.229092472504 23.7797617431 13.0985093685 23.7596133535
1036 519 0.229111518876 23.8017021214 13.0985093685 23.7815714998
1037 520 0.22913051255 23.823621404 13.0985093685 23.803508502
1038 521 0.22914945377 23.8455196515 13.0985093685 23.825424421
1039 522 0.229168342777 23.8673969243 13.0985093685 23.8473193176
1040 523 0.229187179812 23.8892532827 13.0985093685 23.8691932521
1041 524 0.229205965114 23.9110887864 13.0985093685 23.8910462845
1042 525 0.229224698922 23.9329034952 13.0985093685 23.9128784748
1043 526 0.229243381471 23.9546974683 13.0985093685 23.9346898824
1044 527 0.229262012997 23.9764707647 13.0985093685 23.9564805665
1045 528 0.229280593731 23.9982234432 13.0985093685 23.9782505862
1046 529 0.229299123906 24.0199555622 13.0985093685 24.0
1047 530 0.229317603751 24.04166718 13.0985093685 24.0217288664
1048 531 0.229336033496 24.0633583544 13.0985093685 24.0434372436
1049 532 0.229354413368 24.0850291432 13.0985093685 24.0651251893
1050 533 0.229372743592 24.1066796036 13.0985093685 24.0867927612
1051 534 0.229391024393 24.1283097928 13.0985093685 24.1084400166
1052 535 0.229409255994 24.1499197676 13.0985093685 24.1300670124
1053 536 0.229427438615 24.1715095846 13.0985093685 24.1516738056
1054 537 0.229445572478 24.1930793001 13.0985093685 24.1732604525
1055 538 0.229463657802 24.2146289702 13.0985093685 24.1948270095
1056 539 0.229481694802 24.2361586507 13.0985093685 24.2163735325
1057 540 0.229499683696 24.257668397 13.0985093685 24.2379000772
1058 541 0.229517624698 24.2791582645 13.0985093685 24.2594066992
1059 542 0.229535518021 24.3006283081 13.0985093685 24.2808934536
1060 543 0.229553363877 24.3220785827 13.0985093685 24.3023603955
1061 544 0.229571162477 24.3435091428 13.0985093685 24.3238075794
1062 545 0.22958891403 24.3649200426 13.0985093685 24.3452350599
1063 546 0.229606618745 24.3863113362 13.0985093685 24.3666428911
1064 547 0.229624276827 24.4076830772 13.0985093685 24.3880311271
1065 548 0.229641888483 24.4290353193 13.0985093685 24.4093998214
1066 549 0.229659453916 24.4503681157 13.0985093685 24.4307490277
1067 550 0.22967697333 24.4716815194 13.0985093685 24.4520787991
1068 551 0.229694446926 24.4929755833 13.0985093685 24.4733891886
1069 552 0.229711874904 24.5142503599 13.0985093685 24.4946802489
1070 553 0.229729257464 24.5355059016 13.0985093685 24.5159520326
1071 554 0.229746594805 24.5567422603 13.0985093685 24.5372045919
1072 555 0.229763887121 24.577959488 13.0985093685 24.5584379788
1073 556 0.22978113461 24.5991576363 13.0985093685 24.5796522451
1074 557 0.229798337466 24.6203367566 13.0985093685 24.6008474424
1075 558 0.229815495881 24.6414969 13.0985093685 24.622023622
1076 559 0.229832610048 24.6626381174 13.0985093685 24.6431808351
1077 560 0.229849680158 24.6837604595 13.0985093685 24.6643191324
1078 561 0.2298667064 24.7048639769 13.0985093685 24.6854385647
1079 562 0.229883688963 24.7259487197 13.0985093685 24.7065391823
1080 563 0.229900628034 24.7470147381 13.0985093685 24.7276210354
1081 564 0.2299175238 24.7680620817 13.0985093685 24.7486841741
1082 565 0.229934376447 24.7890908002 13.0985093685 24.769728648
1083 566 0.229951186157 24.8101009429 13.0985093685 24.7907545067
1084 567 0.229967953114 24.831092559 13.0985093685 24.8117617996
1085 568 0.2299846775 24.8520656974 13.0985093685 24.8327505756
1086 569 0.230001359495 24.8730204069 13.0985093685 24.8537208838
1087 570 0.23001799928 24.8939567358 13.0985093685 24.8746727726
1088 571 0.230034597033 24.9148747326 13.0985093685 24.8956062907
1089 572 0.230051152932 24.9357744453 13.0985093685 24.9165214862
1090 573 0.230067667152 24.9566559217 13.0985093685 24.9374184072
1091 574 0.230084139871 24.9775192096 13.0985093685 24.9582971014
1092 575 0.230100571261 24.9983643563 13.0985093685 24.9791576166
1093 576 0.230116961498 25.0191914091 13.0985093685 25.0
1094 577 0.230133310752 25.0400004151 13.0985093685 25.0208242989
1095 578 0.230149619195 25.0607914211 13.0985093685 25.0416305603
1096 579 0.230165886999 25.0815644737 13.0985093685 25.062418831
1097 580 0.230182114331 25.1023196194 13.0985093685 25.0831891576
1098 581 0.230198301362 25.1230569044 13.0985093685 25.1039415864
1099 582 0.230214448257 25.1437763747 13.0985093685 25.1246761636
1100 583 0.230230555184 25.1644780762 13.0985093685 25.1453929353
1101 584 0.230246622307 25.1851620545 13.0985093685 25.1660919472
1102 585 0.230262649793 25.2058283551 13.0985093685 25.1867732449
1103 586 0.230278637803 25.2264770231 13.0985093685 25.2074368738
1104 587 0.230294586501 25.2471081038 13.0985093685 25.2280828792
1105 588 0.230310496049 25.2677216419 13.0985093685 25.248711306
1106 589 0.230326366606 25.2883176821 13.0985093685 25.269322199
1107 590 0.230342198334 25.3088962689 13.0985093685 25.289915603
1108 591 0.230357991391 25.3294574466 13.0985093685 25.3104915623
1109 592 0.230373745934 25.3500012594 13.0985093685 25.3310501212
1110 593 0.230389462122 25.3705277511 13.0985093685 25.3515913238
1111 594 0.230405140109 25.3910369655 13.0985093685 25.3721152139
1112 595 0.230420780052 25.4115289461 13.0985093685 25.3926218353
1113 596 0.230436382106 25.4320037364 13.0985093685 25.4131112315
1114 597 0.230451946422 25.4524613795 13.0985093685 25.4335834457
1115 598 0.230467473155 25.4729019184 13.0985093685 25.4540385213
1116 599 0.230482962455 25.4933253961 13.0985093685 25.474476501
1117 600 0.230498414475 25.513731855 13.0985093685 25.4948974278
1118 601 0.230513829363 25.5341213377 13.0985093685 25.5153013443
1119 602 0.23052920727 25.5544938866 13.0985093685 25.5356882928
1120 603 0.230544548344 25.5748495437 13.0985093685 25.5560583156
