404 5 0.0025124565451 11.0002325223 11.0 3.2360679775
405 6 0.00251245649135 11.000232544 11.0 3.44948974278
406 7 0.00251245643591 11.0002325662 11.0 3.64575131106
407 8 0.00251245637873 11.0002325888 11.0 3.82842712475
408 9 0.00251245631971 11.000232612 11.0 4.0
409 10 0.00251245625879 11.0002326356 11.0 4.16227766017
410 11 0.00251245619588 11.0002326598 11.0 4.31662479036
411 12 0.00251245613088 11.0002326846 11.0 4.46410161514
412 13 0.00251245606371 11.0002327099 11.0 4.60555127546
413 14 0.00251245599425 11.0002327358 11.0 4.74165738677
414 15 0.00251245592242 11.0002327624 11.0 4.87298334621
415 16 0.00251245584808 11.0002327896 11.0 5.0
416 17 0.00251245577113 11.0002328174 11.0 5.12310562562
417 18 0.00251245569143 11.0002328459 11.0 5.24264068712
418 19 0.00251245560886 11.0002328752 11.0 5.35889894354
419 20 0.00251245552326 11.0002329052 11.0 5.472135955
420 21 0.00251245543449 11.0002329359 11.0 5.58257569496
421 22 0.00251245534238 11.0002329674 11.0 5.69041575982
422 23 0.00251245524676 11.0002329998 11.0 5.79583152331
423 24 0.00251245514745 11.000233033 11.0 5.89897948557
424 25 0.00251245504425 11.0002330672 11.0 6.0
425 26 0.00251245493695 11.0002331022 11.0 6.09901951359
426 27 0.00251245482532 11.0002331383 11.0 6.19615242271
427 28 0.00251245470913 11.0002331753 11.0 6.29150262213
428 29 0.00251245458812 11.0002332134 11.0 6.38516480713
429 30 0.00251245446201 11.0002332526 11.0 6.47722557505
430 31 0.00251245433051 11.000233293 11.0 6.56776436283
431 32 0.0025124541933 11.0002333345 11.0 6.65685424949
432 33 0.00251245405004 11.0002333773 11.0 6.74456264654
433 34 0.00251245390036 11.0002334214 11.0 6.83095189485
434 35 0.00251245374386 11.0002334669 11.0 6.9160797831
435 36 0.00251245358012 11.0002335139 11.0 7.0
436 37 0.00251245340868 11.0002335623 11.0 7.0827625303
437 38 0.00251245322904 11.0002336123 11.0 7.16441400297
438 39 0.00251245304065 11.000233664 11.0 7.2449979984
439 40 0.00251245284293 11.0002337175 11.0 7.32455532034
440 41 0.00251245263524 11.0002337727 11.0 7.40312423743
441 42 0.0025124524169 11.00023383 11.0 7.48074069841
442 43 0.00251245218715 11.0002338892 11.0 7.5574385243
443 44 0.00251245194516 11.0002339506 11.0 7.63324958071
444 45 0.00251245169004 11.0002340143 11.0 7.7082039325
445 46 0.0025124514208 11.0002340803 11.0 7.78232998313
446 47 0.00251245113638 11.0002341489 11.0 7.8556546004
447 48 0.00251245083558 11.0002342202 11.0 7.92820323028
448 49 0.00251245051712 11.0002342943 11.0 8.0
449 50 0.00251245017955 11.0002343714 11.0 8.07106781187
450 51 0.00251244982131 11.0002344517 11.0 8.14142842854
451 52 0.00251244944063 11.0002345354 11.0 8.21110255093
452 53 0.00251244903558 11.0002346228 11.0 8.28010988928
453 54 0.00251244860402 11.000234714 11.0 8.34846922835
454 55 0.00251244814353 11.0002348094 11.0 8.4161984871
455 56 0.00251244765146 11.0002349091 11.0 8.48331477355
456 57 0.00251244712479 11.0002350136 11.0 8.54983443527
457 58 0.00251244656018 11.0002351232 11.0 8.61577310586
458 59 0.00251244595385 11.0002352382 11.0 8.68114574787
459 60 0.00251244530152 11.0002353591 11.0 8.74596669241
460 61 0.00251244459838 11.0002354864 11.0 8.81024967591
461 62 0.00251244383894 11.0002356204 11.0 8.87400787401
462 63 0.00251244301696 11.0002357619 11.0 8.93725393319
463 64 0.00251244212532 11.0002359115 11.0 9.0
464 65 0.00251244115581 11.0002360697 11.0 9.0622577483
465 66 0.00251244009902 11.0002362376 11.0 9.12403840464
466 67 0.00251243894404 11.0002364158 11.0 9.18535277187
467 68 0.00251243767818 11.0002366055 11.0 9.24621125124
468 69 0.00251243628665 11.0002368078 11.0 9.30662386292
469 70 0.00251243475209 11.0002370239 11.0 9.36660026534
470 71 0.00251243305403 11.0002372553 11.0 9.42614977318
471 72 0.00251243116818 11.0002375038 11.0 9.48528137424
472 73 0.00251242906555 11.0002377713 11.0 9.54400374532
473 74 0.0025124267113 11.00023806 11.0 9.60232526704
474 75 0.00251242406331 11.0002383726 11.0 9.66025403784
475 76 0.0025124210702 11.0002387122 11.0 9.71779788708
476 77 0.00251241766883 11.0002390824 11.0 9.77496438739
477 78 0.00251241378087 11.0002394875 11.0 9.83176086633
478 79 0.00251240930821 11.0002399329 11.0 9.88819441732
479 80 0.00251240412664 11.0002404246 11.0 9.94427191
480 81 0.00251239807703 11.0002409704 11.0 10.0
481 82 0.00251239095285 11.0002415798 11.0 10.0553851381
482 83 0.00251238248212 11.0002422645 11.0 10.1104335791
483 84 0.00251237230081 11.0002430395 11.0 10.1651513899
484 85 0.00251235991279 11.0002439237 11.0 10.2195444573
485 86 0.00251234462765 11.0002449421 11.0 10.2736184955
486 87 0.00251232546175 11.0002461278 11.0 10.3273790531
487 88 0.00251230097484 11.0002475255 11.0 10.3808315196
488 89 0.00251226898981 11.0002491979 11.0 10.4339811321
489 90 0.00251222608903 11.0002512346 11.0 10.4868329805
490 91 0.0025121666583 11.0002537692 11.0 10.5393920142
491 92 0.00251208094672 11.0002570099 11.0 10.5916630466
492 93 0.00251195079031 11.0002612992 11.0 10.643650761
493 94 0.0025117391374 11.0002672443 11.0 10.6953597148
494 95 0.00251136054172 11.0002760332 11.0 10.7467943448
495 96 0.00251058009685 11.0002903466 11.0 10.7979589711
496 97 0.00250854830836 11.0003177748 11.0 10.8488578018
497 98 0.00250030512966 11.0003914909 11.0 10.8994949366
498 99 0.00369424863867 11.0011909976 11.0 10.9498743711
499 100 0.203731942743 11.0414591653 11.0 11.0
500 101 0.205724473176 11.0910418052 11.0 11.0498756211
501 102 0.206180699192 11.1404694387 11.0 11.0995049384
502 103 0.206449965898 11.1896758007 11.0 11.1488915651
503 104 0.206667485639 11.2386523612 11.0 11.1980390272
504 105 0.20686409966 11.2873987516 11.0 11.246950766
505 106 0.207049947691 11.3359167302 11.0 11.295630141
506 107 0.207229171426 11.3842087742 11.0 11.3440804328
507 108 0.207403732308 11.4322776309 11.0 11.3923048454
508 109 0.207574667567 11.4801261445 11.0 11.4403065089
509 110 0.207742576127 11.5277571799 11.0 11.4880884817
510 111 0.207907830339 11.5751735865 11.0 11.5356537529
511 112 0.20807067709 11.6223781797 11.0 11.5830052443
512 113 0.208231289743 11.6693737313 11.0 11.6301458127
513 114 0.208389796454 11.7161629646 11.0 11.677078252
514 115 0.208546296403 11.762748552 11.0 11.7238052948
515 116 0.208700869501 11.8091331141 11.0 11.7703296143
516 117 0.208853582402 11.8553192195 11.0 11.8166538264
517 118 0.209004492363 11.9013093854 11.0 11.8627804912
518 119 0.209153649774 11.9471060784 11.0 11.9087121146
519 120 0.209301099882 11.9927117149 11.0 11.9544511501
520 121 0.20944688397 12.038128663 11.0 12.0
521 122 0.209591040199 12.083359243 11.0 12.0453610172
522 123 0.209733604209 12.1284057287 11.0 12.0905365064
523 124 0.209874609564 12.1732703485 11.0 12.1355287257
524 125 0.210014088081 12.2179552869 11.0 12.1803398875
525 126 0.210152070081 12.262462685 11.0 12.2249721603
526 127 0.210288584585 12.3067946423 11.0 12.2694276696
527 128 0.210423659464 12.3509532174 11.0 12.313708499
528 129 0.210557321562 12.3949404289 11.0 12.3578166916
529 130 0.210689596792 12.4387582569 11.0 12.401754251
530 131 0.210820510213 12.4824086438 11.0 12.4455231423
531 132 0.210950086104 12.5258934951 11.0 12.4891252931
532 133 0.211078348012 12.5692146807 11.0 12.5325625947
533 134 0.211205318806 12.6123740354 11.0 12.5758369028
534 135 0.211331020711 12.6553733602 11.0 12.6189500386
535 136 0.21145547535 12.6982144229 11.0 12.6619037897
536 137 0.211578703774 12.740898959 11.0 12.7046999107
537 138 0.211700726485 12.7834286728 11.0 12.7473401245
538 139 0.211821563467 12.8258052374 11.0 12.7898261226
539 140 0.211941234207 12.8680302966 11.0 12.8321595662
540 141 0.212059757714 12.9101054646 11.0 12.874342087
541 142 0.21217715254 12.9520323273 11.0 12.9163752878
542 143 0.212293436795 12.9938124427 11.0 12.9582607431
543 144 0.212408628166 13.0354473421 11.0 13.0
544 145 0.212522743929 13.0769385299 11.0 13.0415945788
545 146 0.212635800966 13.1182874849 11.0 13.0830459736
546 147 0.212747815776 13.1594956608 11.0 13.124355653
547 148 0.212858804491 13.2005644866 11.0 13.1655250606
548 149 0.212968782882 13.2414953673 11.0 13.2065556157
549 150 0.213077766376 13.2822896845 11.0 13.2474487139
550 151 0.213185770062 13.3229487968 11.0 13.2882057274
551 152 0.213292808705 13.3634740404 11.0 13.3288280059
552 153 0.213398896753 13.4038667298 11.0 13.3693168769
553 154 0.213504048348 13.4441281579 11.0 13.409673646
554 155 0.213608277334 13.484259597 11.0 13.449899598
555 156 0.213711597263 13.5242622987 11.0 13.4899959968
556 157 0.21381402141 13.5641374948 11.0 13.5299640861
557 158 0.213915562772 13.6038863975 11.0 13.56980509
558 159 0.214016234084 13.6435102 11.0 13.6095202129
559 160 0.214116047818 13.6830100766 11.0 13.6491106407
560 161 0.214215016198 13.7223871836 11.0 13.6885775404
561 162 0.2143131512 13.7616426593 11.0 13.7279220614
562 163 0.214410464563 13.8007776246 11.0 13.7671453348
563 164 0.214506967793 13.8397931832 11.0 13.8062484749
564 165 0.214602672169 13.878690422 11.0 13.8452325787
565 166 0.214697588751 13.9174704116 11.0 13.8840987267
566 167 0.214791728381 13.9561342065 11.0 13.9228479833
567 168 0.214885101696 13.9946828456 11.0 13.9614813968
568 169 0.214977719124 14.0331173522 11.0 14.0
569 170 0.215069590897 14.0714387348 11.0 14.0384048104
570 171 0.215160727052 14.1096479868 11.0 14.0766968306
571 172 0.215251137436 14.1477460874 11.0 14.1148770486
572 173 0.215340831712 14.1857340014 11.0 14.152946438
573 174 0.215429819362 14.2236126801 11.0 14.1909059583
574 175 0.215518109692 14.2613830608 11.0 14.2287565553
575 176 0.215605711838 14.2990460676 11.0 14.2664991614
576 177 0.215692634765 14.3366026115 11.0 14.3041346957
577 178 0.215778887279 14.3740535909 11.0 14.3416640641
578 179 0.215864478021 14.4113998912 11.0 14.3790881603
579 180 0.21594941548 14.448642386 11.0 14.416407865
580 181 0.216033707991 14.4857819364 11.0 14.4536240471
581 182 0.216117363739 14.5228193918 11.0 14.4907375632
582 183 0.216200390766 14.5597555901 11.0 14.5277492585
583 184 0.216282796969 14.5965913576 11.0 14.5646599663
584 185 0.21636459011 14.6333275096 11.0 14.6014705087
585 186 0.216445777811 14.6699648502 11.0 14.638181697
586 187 0.216526367563 14.706504173 11.0 14.6747943312
587 188 0.216606366729 14.7429462608 11.0 14.7113092008
588 189 0.216685782542 14.7792918861 11.0 14.7477270849
589 190 0.216764622114 14.8155418114 11.0 14.7840487521
590 191 0.216842892434 14.851696789 11.0 14.8202749611
591 192 0.216920600372 14.8877575614 11.0 14.8564064606
592 193 0.216997752683 14.9237248616 11.0 14.8924439894
593 194 0.217074356007 14.9595994129 11.0 14.9283882772
594 195 0.217150416876 14.9953819297 11.0 14.9642400438
595 196 0.21722594171 15.0310731169 11.0 15.0
596 197 0.217300936824 15.0666736706 11.0 15.0356688476
597 198 0.21737540843 15.1021842781 11.0 15.0712472795
598 199 0.217449362635 15.1376056181 11.0 15.1067359797
599 200 0.21752280545 15.1729383607 11.0 15.1421356237
600 201 0.217595742785 15.2081831678 11.0 15.1774468788
601 202 0.217668180458 15.2433406929 11.0 15.2126704036
602 203 0.217740124189 15.2784115816 11.0 15.2478068488
603 204 0.21781157961 15.3133964714 11.0 15.2828568571
604 205 0.217882552262 15.3482959924 11.0 15.3178210633
605 206 0.217953047597 15.3831107665 11.0 15.3527000944
606 207 0.218023070981 15.4178414086 11.0 15.3874945699
607 208 0.218092627699 15.4524885258 11.0 15.4222051019
608 209 0.218161722947 15.4870527182 11.0 15.4568322948
609 210 0.218230361846 15.5215345786 11.0 15.4913767462
610 211 0.218298549434 15.5559346928 11.0 15.5258390463
611 212 0.218366290673 15.5902536397 11.0 15.5602197786
612 213 0.218433590446 15.6244919914 11.0 15.5945195193
613 214 0.218500453565 15.6586503133 11.0 15.6287388383
614 215 0.218566884765 15.6927291642 11.0 15.6628782986
615 216 0.218632888713 15.7267290965 11.0 15.6969384567
616 217 0.218698470001 15.7606506561 11.0 15.7309198627
617 218 0.218763633155 15.7944943828 11.0 15.7648230602
618 219 0.218828382633 15.82826081 11.0 15.7986485869
619 220 0.218892722825 15.8619504653 11.0 15.8323969742
620 221 0.218956658058 15.8955638701 11.0 15.8660687473
621 222 0.219020192592 15.9291015401 11.0 15.8996644258
622 223 0.219083330627 15.9625639851 11.0 15.9331845231
623 224 0.219146076301 15.9959517092 11.0 15.9666295471
624 225 0.219208433689 16.0292652109 11.0 16.0
625 226 0.21927040681 16.0625049833 11.0 16.0332963784
626 227 0.219331999623 16.0956715139 11.0 16.0665191733
627 228 0.219393216031 16.1287652849 11.0 16.0996688705
628 229 0.219454059879 16.1617867733 11.0 16.1327459504
629 230 0.21951453496 16.1947364509 11.0 16.1657508881
630 231 0.219574645011 16.2276147842 11.0 16.1986841536
631 232 0.219634393715 16.2604222349 11.0 16.2315462117
632 233 0.219693784706 16.2931592597 11.0 16.2643375225
633 234 0.219752821564 16.3258263104 11.0 16.2970585408
634 235 0.219811507821 16.3584238338 11.0 16.3297097168
635 236 0.219869846958 16.3909522722 11.0 16.3622914957
636 237 0.219927842409 16.4234120632 11.0 16.3948043183
637 238 0.219985497559 16.4558036398 11.0 16.4272486205
638 239 0.220042815747 16.4881274302 11.0 16.4596248337
639 240 0.220099800267 16.5203838586 11.0 16.4919333848
640 241 0.220156454367 16.5525733444 11.0 16.5241746963
641 242 0.220212781252 16.5846963028 11.0 16.5563491861
642 243 0.22026878408 16.6167531449 11.0 16.5884572681
643 244 0.220324465971 16.6487442772 11.0 16.6204993518
644 245 0.22037983 16.6806701024 11.0 16.6524758425
645 246 0.220434879201 16.712531019 11.0 16.6843871414
646 247 0.220489616569 16.7443274214 11.0 16.7162336455
647 248 0.220544045057 16.7760597 11.0 16.748015748
648 249 0.220598167581 16.8077282414 11.0 16.7797338381
649 250 0.220651987016 16.8393334283 11.0 16.8113883008
650 251 0.220705506202 16.8708756394 11.0 16.8429795178
651 252 0.22075872794 16.9023552499 11.0 16.8745078664
652 253 0.220811654994 16.9337726312 11.0 16.9059737206
653 254 0.220864290093 16.965128151 11.0 16.9373774505
654 255 0.220916635931 16.9964221733 11.0 16.9687194227
655 256 0.220968695167 17.0276550588 11.0 17.0
656 257 0.221020470424 17.0588271645 11.0 17.0312195419
657 258 0.221071964294 17.0899388439 11.0 17.0623784042
658 259 0.221123179334 17.1209904473 11.0 17.0934769394
659 260 0.221174118069 17.1519823214 11.0 17.1245154966
660 261 0.221224782993 17.1829148097 11.0 17.1554944214
661 262 0.221275176567 17.2137882524 11.0 17.1864140562
662 263 0.221325301222 17.2446029864 11.0 17.2172747402
663 264 0.221375159358 17.2753593455 11.0 17.2480768093
664 265 0.221424753344 17.3060576603 11.0 17.2788205961
665 266 0.221474085523 17.3366982583 11.0 17.3095064303
666 267 0.221523158204 17.367281464 11.0 17.3401346384
667 268 0.221571973673 17.3978075987 11.0 17.3707055437
668 269 0.221620534182 17.4282769808 11.0 17.4012194669
669 270 0.22166884196 17.4586899258 11.0 17.4316767252
670 271 0.221716899207 17.4890467463 11.0 17.4620776332
671 272 0.221764708095 17.519347752 11.0 17.4924225025
672 273 0.221812270772 17.5495932496 11.0 17.5227116419
673 274 0.221859589358 17.5797835432 11.0 17.5529453572
674 275 0.221906665949 17.6099189341 11.0 17.5831239518
675 276 0.221953502615 17.6399997208 11.0 17.6132477258
676 277 0.2220001014 17.6700261992 11.0 17.6433169771
677 278 0.222046464326 17.6999986624 11.0 17.6733320005
678 279 0.222092593389 17.729917401 11.0 17.7032930885
679 280 0.222138490564 17.7597827029 11.0 17.7332005307
680 281 0.222184157798 17.7895948535 11.0 17.7630546142
681 282 0.22222959702 17.8193541357 11.0 17.7928556237
682 283 0.222274810133 17.8490608299 11.0 17.8226038413
683 284 0.22231979902 17.8787152139 11.0 17.8522995464
684 285 0.222364565541 17.9083175632 11.0 17.8819430161
685 286 0.222409111533 17.9378681508 11.0 17.9115345253
686 287 0.222453438815 17.9673672474 11.0 17.9410743461
687 288 0.222497549182 17.9968151212 11.0 17.9705627485
688 289 0.22254144441 18.0262120384 11.0 18.0
689 290 0.222585126254 18.0555582625 11.0 18.0293863659
690 291 0.222628596449 18.084854055 11.0 18.0587221092
691 292 0.222671856711 18.1140996751 11.0 18.0880074906
692 293 0.222714908735 18.1432953797 11.0 18.1172427686
693 294 0.222757754198 18.1724414236 11.0 18.1464281995
694 295 0.222800394758 18.2015380595 11.0 18.1755640373
695 296 0.222842832054 18.2305855379 11.0 18.2046505341
696 297 0.222885067707 18.2595841071 11.0 18.2336879396
697 298 0.222927103319 18.2885340133 11.0 18.2626765016
698 299 0.222968940476 18.317435501 11.0 18.2916164658
699 300 0.223010580745 18.3462888122 11.0 18.3205080757
700 301 0.223052025675 18.3750941871 11.0 18.3493515729
701 302 0.223093276799 18.403851864 11.0 18.378147197
702 303 0.223134335635 18.432562079 11.0 18.4068951855
703 304 0.22317520368 18.4612250665 11.0 18.4355957742
704 305 0.223215882418 18.4898410587 11.0 18.4642491966
705 306 0.223256373315 18.5184102863 11.0 18.4928556845
706 307 0.223296677824 18.5469329777 11.0 18.5214154679
707 308 0.223336797378 18.5754093597 11.0 18.5499287748
708 309 0.223376733398 18.6038396571 11.0 18.5783958312
709 310 0.223416487288 18.6322240931 11.0 18.6068168617
710 311 0.223456060439 18.660562889 11.0 18.6351920885
711 312 0.223495454223 18.6888562642 11.0 18.6635217327
712 313 0.223534670002 18.7171044365 11.0 18.691806013
713 314 0.22357370912 18.745307622 11.0 18.7200451467
714 315 0.22361257291 18.7734660349 11.0 18.7482393493
715 316 0.223651262688 18.8015798878 11.0 18.7763888346
716 317 0.223689779757 18.8296493917 11.0 18.8044938148
717 318 0.223728125408 18.8576747558 11.0 18.8325545001
718 319 0.223766300917 18.8856561879 11.0 18.8605710995
719 320 0.223804307546 18.9135938938 11.0 18.88854382
720 321 0.223842146545 18.941488078 11.0 18.9164728672
721 322 0.223879819151 18.9693389433 11.0 18.9443584449
722 323 0.223917326589 18.997146691 11.0 18.9722007556
723 324 0.223954670068 19.0249115207 11.0 19.0
724 325 0.223991850789 19.0526336306 11.0 19.0277563773
725 326 0.224028869939 19.0803132174 11.0 19.0554700853
726 327 0.22406572869 19.1079504761 11.0 19.08314132
727 328 0.224102428208 19.1355456004 11.0 19.1107702763
728 329 0.224138969641 19.1630987825 11.0 19.1383571472
729 330 0.224175354129 19.1906102131 11.0 19.1659021246
730 331 0.224211582801 19.2180800814 11.0 19.1934053987
731 332 0.224247656771 19.2455085753 11.0 19.2208671583
732 333 0.224283577146 19.2728958813 11.0 19.2482875909
733 334 0.224319345018 19.3002421843 11.0 19.2756668825
734 335 0.224354961473 19.3275476681 11.0 19.3030052177
735 336 0.224390427581 19.3548125149 11.0 19.3303027798
736 337 0.224425744404 19.3820369057 11.0 19.3575597507
737 338 0.224460912995 19.40922102 11.0 19.3847763109
738 339 0.224495934392 19.4363650361 11.0 19.4119526395
739 340 0.224530809628 19.4634691311 11.0 19.4390889146
740 341 0.224565539722 19.4905334804 11.0 19.4661853126
741 342 0.224600125685 19.5175582586 11.0 19.4932420089
742 343 0.224634568518 19.5445436388 11.0 19.5202591775
743 344 0.224668869212 19.5714897927 11.0 19.547236991
744 345 0.224703028747 19.5983968911 11.0 19.574175621
745 346 0.224737048097 19.6252651031 11.0 19.6010752377
746 347 0.224770928222 19.6520945971 11.0 19.6279360102
747 348 0.224804670077 19.67888554 11.0 19.6547581062
748 349 0.224838274605 19.7056380974 11.0 19.6815416923
749 350 0.224871742742 19.7323524339 11.0 19.7082869339
750 351 0.224905075413 19.759028713 11.0 19.7349939952
751 352 0.224938273535 19.7856670969 11.0 19.7616630393
752 353 0.224971338018 19.8122677466 11.0 19.7882942281
753 354 0.225004269762 19.838830822 11.0 19.8148877222
754 355 0.225037069657 19.8653564821 11.0 19.8414436814
755 356 0.225069738587 19.8918448844 11.0 19.8679622641
756 357 0.225102277427 19.9182961856 11.0 19.8944436277
757 358 0.225134687043 19.9447105411 11.0 19.9208879284
758 359 0.225166968295 19.9710881055 11.0 19.9472953215
759 360 0.225199122031 19.9974290319 11.0 19.973665961
760 361 0.225231149096 20.0237334728 11.0 20.0
761 362 0.225263050324 20.0500015792 11.0 20.0262975904
762 363 0.225294826541 20.0762335015 11.0 20.0525588833
763 364 0.225326478569 20.1024293887 11.0 20.0787840283
764 365 0.225358007218 20.128589389 11.0 20.1049731745
765 366 0.225389413293 20.1547136495 11.0 20.1311264697
766 367 0.225420697591 20.1808023163 11.0 20.1572440607
767 368 0.225451860903 20.2068555346 11.0 20.1833260933
768 369 0.225482904011 20.2328734484 11.0 20.2093727123
769 370 0.225513827691 20.258856201 11.0 20.2353840617
770 371 0.225544632711 20.2848039346 11.0 20.2613602843
771 372 0.225575319833 20.3107167903 11.0 20.287301522
772 373 0.225605889812 20.3365949085 11.0 20.3132079158
773 374 0.225636343396 20.3624384285 11.0 20.3390796058
774 375 0.225666681327 20.3882474888 11.0 20.364916731
775 376 0.225696904339 20.4140222268 11.0 20.3907194297
776 377 0.225727013161 20.4397627793 11.0 20.4164878389
777 378 0.225757008514 20.4654692817 11.0 20.4422220952
778 379 0.225786891113 20.4911418691 11.0 20.4679223339
779 380 0.225816661668 20.5167806752 11.0 20.4935886896
780 381 0.225846320882 20.5423858331 11.0 20.5192212959
781 382 0.225875869451 20.5679574749 11.0 20.5448202857
782 383 0.225905308066 20.593495732 11.0 20.5703857908
783 384 0.225934637411 20.6190007348 11.0 20.5959179423
784 385 0.225963858165 20.6444726129 11.0 20.6214168703
785 386 0.225992971001 20.669911495 11.0 20.6468827044
786 387 0.226021976584 20.6953175091 11.0 20.6723155729
787 388 0.226050875577 20.7206907822 11.0 20.6977156036
788 389 0.226079668634 20.7460314406 11.0 20.7230829233
789 390 0.226108356405 20.7713396099 11.0 20.7484176581
790 391 0.226136939535 20.7966154146 11.0 20.7737199333
791 392 0.226165418661 20.8218589786 11.0 20.7989898732
792 393 0.226193794417 20.8470704251 11.0 20.8242276016
793 394 0.226222067431 20.8722498764 11.0 20.8494332413
794 395 0.226250238324 20.8973974538 11.0 20.8746069144
795 396 0.226278307715 20.9225132783 11.0 20.8997487421
796 397 0.226306276215 20.9475974698 11.0 20.9248588452
797 398 0.226334144429 20.9726501476 11.0 20.9499373433
798 399 0.226361912961 20.9976714302 11.0 20.9749843554
799 400 0.226389582407 21.0226614352 11.0 21.0
800 401 0.226417153358 21.0476202799 11.0 21.0249843945
801 402 0.2264446264 21.0725480803 11.0 21.0499376558
802 403 0.226472002116 21.0974449522 11.0 21.0748598999
803 404 0.226499281081 21.1223110103 11.0 21.0997512422
804 405 0.226526463869 21.1471463689 11.0 21.1246117975
805 406 0.226553551047 21.1719511413 11.0 21.1494416796
806 407 0.226580543176 21.1967254403 11.0 21.1742410018
807 408 0.226607440815 21.221469378 11.0 21.1990098767
808 409 0.226634244518 21.2461830658 11.0 21.2237484162
809 410 0.226660954833 21.2708666143 11.0 21.2484567313
810 411 0.226687572304 21.2955201335 11.0 21.2731349327
811 412 0.226714097472 21.3201437329 11.0 21.2977831302
812 413 0.226740530872 21.3447375211 11.0 21.3224014329
813 414 0.226766873035 21.369301606 11.0 21.3469899494
814 415 0.226793124488 21.3938360952 11.0 21.3715487875
815 416 0.226819285753 21.4183410954 11.0 21.3960780544
816 417 0.226845357349 21.4428167126 11.0 21.4205778567
817 418 0.22687133979 21.4672630523 11.0 21.4450483003
818 419 0.226897233586 21.4916802194 11.0 21.4694894905
819 420 0.226923039243 21.516068318 11.0 21.4939015319
820 421 0.226948757263 21.5404274517 11.0 21.5182845287
821 422 0.226974388144 21.5647577235 11.0 21.5426385842
822 423 0.22699993238 21.5890592359 11.0 21.5669638012
823 424 0.22702539046 21.6133320904 11.0 21.591260282
824 425 0.227050762871 21.6375763884 11.0 21.6155281281
825 426 0.227076050095 21.6617922304 11.0 21.6397674406
826 427 0.227101252611 21.6859797163 11.0 21.6639783198
827 428 0.227126370893 21.7101389455 11.0 21.6881608656
828 429 0.227151405412 21.7342700169 11.0 21.7123151772
829 430 0.227176356637 21.7583730288 11.0 21.7364413533
830 431 0.227201225029 21.7824480787 11.0 21.760539492
831 432 0.22722601105 21.8064952638 11.0 21.7846096908
832 433 0.227250715155 21.8305146806 11.0 21.8086520467
833 434 0.227275337798 21.8545064252 11.0 21.832666656
834 435 0.227299879428 21.878470593 11.0 21.8566536146
835 436 0.227324340491 21.9024072788 11.0 21.8806130178
836 437 0.227348721429 21.926316577 11.0 21.9045449604
837 438 0.227373022682 21.9501985814 11.0 21.9284495365
838 439 0.227397244685 21.9740533853 11.0 21.9523268398
839 440 0.227421387871 21.9978810814 11.0 21.9761769634
840 441 0.227445452668 22.021681762 11.0 22.0
841 442 0.227469439503 22.0454555187 11.0 22.0237960416
842 443 0.227493348797 22.0692024428 11.0 22.0475651798
843 444 0.227517180971 22.0929226248 11.0 22.0713075057
844 445 0.22754093644 22.116616155 11.0 22.0950231097
845 446 0.227564615617 22.140283123 11.0 22.1187120819
846 447 0.227588218913 22.163923618 11.0 22.1423745119
847 448 0.227611746734 22.1875377285 11.0 22.1660104885
848 449 0.227635199484 22.2111255429 11.0 22.1896201004
849 450 0.227658577563 22.2346871486 11.0 22.2132034356
850 451 0.22768188137 22.2582226329 11.0 22.2367605816
851 452 0.227705111298 22.2817320826 11.0 22.2602916255
852 453 0.227728267741 22.3052155838 11.0 22.2837966538
853 454 0.227751351086 22.3286732222 11.0 22.3072757527
854 455 0.22777436172 22.3521050832 11.0 22.3307290077
855 456 0.227797300026 22.3755112516 11.0 22.3541565041
856 457 0.227820166384 22.3988918116 11.0 22.3775583264
857 458 0.227842961172 22.4222468473 11.0 22.400934559
858 459 0.227865684764 22.4455764419 11.0 22.4242852856
859 460 0.227888337533 22.4688806785 11.0 22.4476105895
860 461 0.227910919848 22.4921596397 11.0 22.4709105536
861 462 0.227933432075 22.5154134074 11.0 22.4941852602
862 463 0.227955874578 22.5386420633 11.0 22.5174347914
863 464 0.227978247719 22.5618456886 11.0 22.5406592285
864 465 0.228000551856 22.585024364 11.0 22.5638586528
865 466 0.228022787345 22.60817817 11.0 22.5870331449
866 467 0.22804495454 22.6313071863 11.0 22.610182785
867 468 0.228067053791 22.6544114924 11.0 22.6333076528
868 469 0.228089085447 22.6774911675 11.0 22.6564078277
869 470 0.228111049854 22.70054629 11.0 22.6794833887
870 471 0.228132947356 22.7235769382 11.0 22.7025344142
871 472 0.228154778292 22.7465831899 11.0 22.7255609824
872 473 0.228176543002 22.7695651225 11.0 22.7485631709
873 474 0.228198241822 22.7925228129 11.0 22.7715410571
874 475 0.228219875085 22.8154563377 11.0 22.7944947177
875 476 0.228241443123 22.838365773 11.0 22.8174242293
876 477 0.228262946265 22.8612511947 11.0 22.8403296678
877 478 0.228284384837 22.8841126781 11.0 22.8632111091
878 479 0.228305759164 22.9069502982 11.0 22.8860686282
879 480 0.228327069568 22.9297641295 11.0 22.9089023002
880 481 0.228348316368 22.9525542462 11.0 22.9317121995
881 482 0.228369499883 22.9753207222 11.0 22.9544984001
882 483 0.228390620427 22.9980636309 11.0 22.9772609758
883 484 0.228411678314 23.0207830453 11.0 23.0
884 485 0.228432673855 23.0434790381 11.0 23.0227155455
885 486 0.228453607358 23.0661516816 11.0 23.045407685
886 487 0.22847447913 23.0888010477 11.0 23.0680764907
887 488 0.228495289475 23.111427208 11.0 23.0907220344
888 489 0.228516038697 23.1340302337 11.0 23.1133443875
889 490 0.228536727095 23.1566101956 11.0 23.1359436212
890 491 0.228557354968 23.1791671642 11.0 23.1585198062
891 492 0.228577922612 23.2017012095 11.0 23.1810730128
892 493 0.22859843032 23.2242124014 11.0 23.2036033112
893 494 0.228618878386 23.2467008092 11.0 23.2261107709
894 495 0.228639267099 23.269166502 11.0 23.2485954613
895 496 0.228659596748 23.2916095485 11.0 23.2710574513
896 497 0.228679867619 23.3140300171 11.0 23.2934968096
897 498 0.228700079996 23.3364279757 11.0 23.3159136044
898 499 0.228720234161 23.3588034921 11.0 23.3383079037
899 500 0.228740330395 23.3811566335 11.0 23.360679775
900 501 0.228760368977 23.4034874669 11.0 23.3830292856
901 502 0.228780350182 23.4257960592 11.0 23.4053565024
902 503 0.228800274287 23.4480824764 11.0 23.427661492
903 504 0.228820141564 23.4703467848 11.0 23.4499443206
904 505 0.228839952284 23.4925890499 11.0 23.4722050542
905 506 0.228859706716 23.5148093371 11.0 23.4944437584
906 507 0.228879405128 23.5370077114 11.0 23.5166604984
907 508 0.228899047786 23.5591842376 11.0 23.5388553392
908 509 0.228918634954 23.58133898 11.0 23.5610283454
909 510 0.228938166893 23.6034720027 11.0 23.5831795813
910 511 0.228957643865 23.6255833694 11.0 23.6053091109
911 512 0.228977066128 23.6476731437 11.0 23.627416998
912 513 0.22899643394 23.6697413887 11.0 23.6495033058
913 514 0.229015747555 23.6917881672 11.0 23.6715680975
914 515 0.229035007227 23.7138135417 11.0 23.6936114358
915 516 0.229054213209 23.7358175744 11.0 23.7156333832
916 517 0.22907336575 23.7578003274 11.0 23.7376340018
917 518 0.2290924651 23.7797618621 11.0 23.7596133535
918 519 0.229111511506 23.80170224 11.0 23.7815714998
919 520 0.229130505213 23.8236215221 11.0 23.803508502
920 521 0.229149446464 23.8455197691 11.0 23.825424421
921 522 0.229168335504 23.8673970415 11.0 23.8473193176
922 523 0.229187172571 23.8892533994 11.0 23.8691932521
923 524 0.229205957905 23.9110889027 11.0 23.8910462845
924 525 0.229224691745 23.932903611 11.0 23.9128784748
925 526 0.229243374326 23.9546975836 11.0 23.9346898824
926 527 0.229262005882 23.9764708796 11.0 23.9564805665
927 528 0.229280586647 23.9982235576 11.0 23.9782505862
928 529 0.229299116853 24.0199556762 11.0 24.0
929 530 0.22931759673 24.0416672935 11.0 24.0217288664
930 531 0.229336026505 24.0633584675 11.0 24.0434372436
931 532 0.229354406407 24.0850292558 11.0 24.0651251893
932 533 0.229372736662 24.1066797158 11.0 24.0867927612
933 534 0.229391017493 24.1283099045 11.0 24.1084400166
934 535 0.229409249123 24.1499198789 11.0 24.1300670124
935 536 0.229427431775 24.1715096955 11.0 24.1516738056
936 537 0.229445565668 24.1930794106 11.0 24.1732604525
937 538 0.22946365102 24.2146290803 11.0 24.1948270095
938 539 0.22948168805 24.2361587603 11.0 24.2163735325
939 540 0.229499676973 24.2576685062 11.0 24.2379000772
940 541 0.229517618003 24.2791583733 11.0 24.2594066992
941 542 0.229535511355 24.3006284165 11.0 24.2808934536
942 543 0.22955335724 24.3220786907 11.0 24.3023603955
943 544 0.229571155868 24.3435092504 11.0 24.3238075794
944 545 0.22958890745 24.3649201498 11.0 24.3452350599
945 546 0.229606612192 24.3863114429 11.0 24.3666428911
946 547 0.229624270303 24.4076831835 11.0 24.3880311271
947 548 0.229641881986 24.4290354252 11.0 24.4093998214
948 549 0.229659447447 24.4503682212 11.0 24.4307490277
949 550 0.229676966888 24.4716816246 11.0 24.4520787991
950 551 0.229694440512 24.4929756881 11.0 24.4733891886
951 552 0.229711868517 24.5142504643 11.0 24.4946802489
952 553 0.229729251105 24.5355060055 11.0 24.5159520326
953 554 0.229746588472 24.5567423639 11.0 24.5372045919
954 555 0.229763880815 24.5779595912 11.0 24.5584379788
955 556 0.229781128331 24.5991577391 11.0 24.5796522451
956 557 0.229798331212 24.620336859 11.0 24.6008474424
957 558 0.229815489654 24.641497002 11.0 24.622023622
958 559 0.229832603847 24.662638219 11.0 24.6431808351
959 560 0.229849673983 24.6837605608 11.0 24.6643191324
960 561 0.229866700251 24.7048640778 11.0 24.6854385647
961 562 0.22988368284 24.7259488202 11.0 24.7065391823
962 563 0.229900621937 24.7470148382 11.0 24.7276210354
963 564 0.229917517728 24.7680621814 11.0 24.7486841741
964 565 0.2299343704 24.7890908996 11.0 24.769728648
965 566 0.229951180135 24.8101010419 11.0 24.7907545067
966 567 0.229967947117 24.8310926576 11.0 24.8117617996
967 568 0.229984671528 24.8520657957 11.0 24.8327505756
968 569 0.230001353548 24.8730205048 11.0 24.8537208838
969 570 0.230017993357 24.8939568334 11.0 24.8746727726
970 571 0.230034591135 24.9148748298 11.0 24.8956062907
971 572 0.230051147058 24.9357745421 11.0 24.9165214862
972 573 0.230067661303 24.9566560182 11.0 24.9374184072
973 574 0.230084134045 24.9775193057 11.0 24.9582971014
974 575 0.23010056546 24.9983644521 11.0 24.9791576166
975 576 0.23011695572 25.0191915046 11.0 25.0
976 577 0.230133304998 25.0400005102 11.0 25.0208242989
977 578 0.230149613465 25.0607915159 11.0 25.0416305603
978 579 0.230165881292 25.0815645681 11.0 25.062418831
979 580 0.230182108647 25.1023197135 11.0 25.0831891576
980 581 0.230198295701 25.1230569981 11.0 25.1039415864
981 582 0.230214442619 25.1437764681 11.0 25.1246761636
982 583 0.230230549569 25.1644781693 11.0 25.1453929353
983 584 0.230246616715 25.1851621472 11.0 25.1660919472
984 585 0.230262644223 25.2058284474 11.0 25.1867732449
985 586 0.230278632256 25.2264771152 11.0 25.2074368738
986 587 0.230294580977 25.2471081955 11.0 25.2280828792
987 588 0.230310490546 25.2677217333 11.0 25.248711306
988 589 0.230326361126 25.2883177731 11.0 25.269322199
989 590 0.230342192876 25.3088963596 11.0 25.289915603
990 591 0.230357985955 25.329457537 11.0 25.3104915623
991 592 0.23037374052 25.3500013495 11.0 25.3310501212
992 593 0.230389456729 25.3705278409 11.0 25.3515913238
993 594 0.230405134738 25.3910370549 11.0 25.3721152139
994 595 0.230420774703 25.4115290353 11.0 25.3926218353
995 596 0.230436376777 25.4320038252 11.0 25.4131112315
996 597 0.230451941115 25.452461468 11.0 25.4335834457
997 598 0.230467467869 25.4729020067 11.0 25.4540385213
998 599 0.230482957191 25.493325484 11.0 25.474476501
999 600 0.230498409231 25.5137319426 11.0 25.4948974278
1000 601 0.230513824141 25.534121425 11.0 25.5153013443
1001 602 0.230529202068 25.5544939736 11.0 25.5356882928
1002 603 0.230544543162 25.5748496303 11.0 25.5560583156
