0.002513 
0.010050 
0.020101 
0.077889 
0.183417 
0.429648 
0.708543 
0.869347 
0.896985 
0.922111 
0.879397 
0.899497 
0.904523 
0.864322 
0.896985 
0.907035 
0.919598 
0.924623 
0.876884 
0.891960 
0.904523 
0.894472 
0.904523 
0.899497 
0.917085 
0.879397 
0.891960 
0.904523 
0.884422 
0.912060 
0.896985 
0.902010 
0.896985 
0.896985 
0.914573 
0.902010 
0.904523 
0.912060 
0.881910 
0.896985 
0.899497 
0.899497 
0.881910 
0.912060 
0.914573 
0.899497 
0.909548 
0.902010 
0.909548 
0.874372 
0.902010 
0.871859 
0.876884 
0.879397 
0.881910 
0.876884 
0.891960 
0.934673 
0.907035 
0.912060 
0.889447 
0.914573 
0.859296 
0.879397 
0.886935 
0.919598 
0.902010 
0.894472 
0.896985 
0.896985 
0.891960 
0.927136 
0.899497 
0.902010 
0.904523 
0.856784 
0.886935 
0.894472 
0.894472 
0.869347 
0.896985 
0.914573 
0.871859 
0.884422 
0.912060 
0.902010 
0.889447 
0.902010 
0.914573 
0.894472 
0.927136 
0.894472 
0.871859 
0.861809 
0.891960 
0.879397 
0.904523 
0.912060 
0.904523 
0.891960 
