0.002004 
0.004008 
0.008016 
0.044088 
0.054108 
0.076152 
0.088176 
0.126253 
0.134269 
0.144289 
0.152305 
0.156313 
0.154309 
0.160321 
0.164329 
0.166333 
0.164329 
0.156313 
0.158317 
0.160321 
0.158317 
0.174349 
0.168337 
0.176353 
0.168337 
0.154309 
0.162325 
0.164329 
0.160321 
0.152305 
0.164329 
0.158317 
0.158317 
0.158317 
0.144289 
0.154309 
0.162325 
0.150301 
0.146293 
0.146293 
0.152305 
0.156313 
0.170341 
0.198397 
0.278557 
0.440882 
0.693387 
0.821643 
0.885772 
0.875752 
0.887776 
0.869739 
0.869739 
0.893788 
0.891784 
0.897796 
0.879760 
0.883768 
0.875752 
0.875752 
0.893788 
0.893788 
0.885772 
0.879760 
0.873747 
0.887776 
0.863727 
0.891784 
0.871743 
0.875752 
0.863727 
0.889780 
0.869739 
0.885772 
0.887776 
0.873747 
0.853707 
0.871743 
0.889780 
0.895792 
0.899800 
0.865731 
0.875752 
0.889780 
0.843687 
0.867735 
0.873747 
0.831663 
0.867735 
0.885772 
0.903808 
0.889780 
0.865731 
0.875752 
0.873747 
0.879760 
0.877756 
0.853707 
0.863727 
0.871743 
