0.000656 
0.001312 
0.003937 
0.020341 
0.112861 
0.350394 
0.517717 
0.610236 
0.631890 
0.650919 
0.660105 
0.653543 
0.646982 
0.652231 
0.644357 
0.641076 
0.665354 
0.658793 
0.654199 
0.662730 
0.652231 
0.635827 
0.645013 
0.736220 
0.810367 
0.853018 
0.863517 
0.865486 
0.882546 
0.877953 
0.883202 
0.870735 
0.872703 
0.872047 
0.881234 
0.877297 
0.878609 
0.862205 
0.868110 
0.871391 
0.881890 
0.879265 
0.874672 
0.870079 
0.874016 
0.888451 
0.875984 
0.871391 
0.869423 
0.883202 
