0.001499 
0.002999 
0.002999 
0.001499 
0.002999 
0.002999 
0.001499 
0.001499 
0.001499 
0.001499 
0.002999 
0.040480 
0.079460 
0.109445 
0.136432 
0.145427 
0.148426 
0.164918 
0.169415 
0.160420 
0.166417 
0.173913 
0.187406 
0.188906 
0.185907 
0.179910 
0.176912 
0.179910 
0.161919 
0.167916 
0.179910 
0.187406 
0.194903 
0.182909 
0.191904 
0.193403 
0.182909 
0.184408 
0.185907 
0.200900 
0.200900 
0.217391 
0.236882 
0.247376 
0.257871 
0.272864 
0.286357 
0.307346 
0.329835 
0.370315 
0.410795 
0.442279 
0.475262 
0.524738 
0.556222 
0.581709 
0.604198 
0.611694 
0.613193 
0.623688 
0.626687 
0.652174 
0.680660 
0.704648 
0.706147 
0.713643 
0.716642 
0.680660 
0.700150 
0.713643 
0.721139 
0.707646 
0.727136 
0.734633 
0.739130 
0.743628 
0.758621 
0.731634 
0.718141 
0.716642 
0.715142 
0.695652 
0.719640 
0.752624 
0.743628 
0.761619 
0.761619 
0.770615 
0.755622 
0.782609 
0.785607 
0.772114 
0.760120 
0.770615 
0.770615 
0.751124 
0.755622 
0.763118 
0.778111 
0.763118 
