1 266
1 290
1 444
1 460
1 480
1 599
1 1157
1 1249
1 1415
2 332
2 606
2 728
2 743
2 1033
2 1036
2 1345
2 1409
2 1451
3 193
3 364
3 402
3 555
3 557
3 577
3 981
3 1161
3 1214
3 1311
4 56
4 110
4 171
4 539
5 385
5 563
5 852
5 1073
5 1099
5 1388
6 404
6 819
6 1023
6 1024
6 1078
6 1499
7 185
7 640
7 897
7 916
7 979
7 986
8 14
8 50
8 303
8 345
8 361
8 902
8 927
8 1397
8 1516
9 658
9 860
9 876
9 1308
9 1328
9 1378
9 1465
10 720
10 737
10 802
10 1073
10 1439
11 74
11 692
11 799
11 858
11 1002
11 1324
11 1337
12 181
12 467
12 626
12 776
12 792
12 1005
12 1222
12 1384
13 104
13 361
13 688
13 692
14 213
14 559
14 662
14 690
14 882
14 965
14 978
15 104
15 210
15 261
15 316
15 356
15 718
15 725
15 948
15 1157
15 1169
15 1280
15 1483
16 33
16 128
16 329
16 347
16 471
16 773
16 1098
16 1133
16 1409
17 198
17 304
17 518
17 745
17 905
17 1188
17 1215
17 1466
18 31
18 69
18 297
18 646
18 829
18 1024
18 1074
18 1220
19 264
19 418
19 783
19 1081
20 208
20 444
20 771
20 782
20 803
20 993
20 1264
21 573
21 783
21 939
22 258
22 326
22 478
22 499
22 754
22 1011
22 1103
23 91
23 142
23 155
23 745
23 798
23 949
23 1064
23 1177
23 1198
23 1306
23 1365
23 1370
24 29
24 364
24 984
24 1008
24 1066
25 165
25 331
25 450
25 630
25 961
25 986
25 1056
25 1250
25 1305
25 1311
25 1458
26 154
26 429
26 618
26 623
26 690
26 1347
27 175
27 215
27 457
27 575
27 583
27 1331
28 307
28 500
28 532
28 682
28 683
28 732
28 994
28 1059
28 1096
28 1108
28 1204
28 1425
29 69
29 406
29 606
29 633
29 648
29 683
29 698
29 982
29 1024
29 1207
29 1289
29 1485
30 766
30 846
30 908
30 1279
31 310
31 523
31 564
31 762
31 990
31 1089
31 1334
31 1455
32 193
32 341
32 426
32 786
32 831
32 1217
32 1278
33 40
33 220
33 346
33 767
33 1003
33 1048
33 1114
33 1129
33 1162
33 1196
33 1233
34 626
34 893
34 944
34 1036
34 1305
34 1354
34 1361
35 351
35 484
35 544
35 646
35 882
35 1064
35 1088
35 1103
35 1106
35 1165
35 1262
36 639
36 1175
36 1205
36 1300
37 300
37 809
37 905
37 1010
37 1140
37 1316
37 1430
37 1450
38 282
38 322
38 362
38 400
38 431
38 626
38 779
38 1226
38 1456
38 1484
39 94
39 308
39 380
39 565
39 957
39 1255
39 1325
39 1350
39 1448
40 245
40 313
40 530
40 574
40 764
40 931
40 938
40 941
40 967
40 990
40 1015
40 1168
40 1441
41 454
41 503
41 802
41 997
41 1088
41 1210
41 1217
41 1291
41 1328
41 1395
42 155
42 359
42 380
42 400
42 955
42 1053
42 1058
42 1095
42 1108
42 1273
42 1479
43 395
43 459
43 691
43 709
43 807
43 824
43 875
43 1224
43 1295
43 1325
44 431
44 553
44 573
44 775
44 1127
45 79
45 507
45 535
45 585
45 781
45 1045
45 1115
45 1166
45 1193
45 1324
45 1455
46 61
46 131
46 335
46 367
46 640
46 646
46 770
46 939
46 1204
46 1258
46 1508
46 1517
47 210
47 256
47 648
47 847
47 907
47 963
47 1243
48 177
48 263
48 298
48 564
48 582
48 653
48 858
48 1310
48 1454
49 55
49 152
49 290
49 323
49 524
49 715
49 725
49 769
49 906
49 983
49 1048
49 1426
50 61
50 80
50 175
50 229
50 353
50 429
50 482
50 716
50 842
50 1098
50 1254
51 121
51 583
51 621
51 682
51 1099
51 1155
51 1334
51 1503
52 460
52 641
52 911
53 195
53 239
53 465
53 929
53 958
53 1318
53 1414
53 1510
54 565
54 705
54 783
54 1061
54 1323
54 1430
54 1502
55 89
55 540
55 670
55 825
55 1129
55 1247
55 1464
56 408
56 715
56 1452
56 1508
57 120
57 545
57 552
57 656
57 899
57 1180
57 1229
57 1337
58 483
58 518
58 596
58 974
58 1270
58 1496
59 239
59 302
59 1248
60 382
60 423
60 735
60 803
60 1497
61 360
61 911
61 1268
61 1479
61 1492
62 135
62 193
62 526
62 726
62 760
62 942
62 1054
62 1247
62 1377
63 140
63 365
63 425
63 685
63 754
63 890
63 1192
63 1223
63 1400
64 310
64 954
64 1118
64 1417
65 117
65 171
65 477
65 726
65 794
65 933
65 1083
65 1153
66 292
66 325
66 728
66 877
66 932
67 74
67 202
67 359
67 872
67 878
67 924
67 1122
67 1159
68 329
68 514
68 956
68 1359
68 1434
69 120
69 169
69 292
69 405
69 430
69 496
69 996
69 999
69 1148
69 1196
69 1332
69 1418
69 1474
70 80
70 277
70 293
70 398
70 578
70 1003
70 1044
70 1158
71 121
71 136
71 226
71 525
71 633
71 732
71 744
71 910
71 913
71 1024
71 1439
72 237
72 249
72 446
72 511
72 672
72 1103
73 400
73 1203
73 1233
73 1341
73 1490
74 438
74 644
74 973
74 1034
74 1343
74 1382
75 286
75 321
75 466
75 667
75 856
75 1200
75 1415
75 1479
75 1492
76 422
76 654
76 740
76 747
76 953
76 1062
77 144
77 214
77 329
77 644
77 771
77 856
77 949
77 1025
77 1175
77 1340
77 1398
77 1426
77 1460
78 118
78 393
78 614
78 948
78 1065
78 1322
79 89
79 548
79 587
79 717
79 1140
80 131
80 231
80 238
80 749
80 805
80 972
80 1041
80 1063
80 1086
80 1186
80 1359
80 1410
80 1420
80 1488
81 379
81 662
82 287
82 413
82 438
82 774
82 962
82 1123
82 1142
82 1486
83 118
83 296
83 548
83 633
83 733
83 789
83 824
83 836
83 846
83 1272
83 1478
84 128
84 132
84 205
84 236
84 261
84 366
84 528
84 531
84 625
84 700
84 835
84 843
84 900
84 1017
84 1188
84 1414
85 87
85 775
85 1323
85 1423
85 1424
85 1433
85 1445
86 87
86 279
86 340
86 460
86 526
86 663
86 1074
86 1076
86 1140
87 168
87 497
87 687
87 743
87 751
87 907
87 1186
88 283
88 855
88 1133
88 1213
88 1221
88 1322
88 1356
89 475
89 505
89 651
89 954
89 1348
89 1442
90 144
90 187
90 420
90 582
90 1158
90 1173
91 99
91 360
91 500
91 1232
92 443
92 683
92 695
92 824
92 914
92 988
92 1363
92 1523
93 110
93 369
93 475
93 672
93 992
93 1285
93 1437
94 328
94 435
94 437
94 542
94 920
94 931
94 981
94 1047
94 1053
95 725
96 480
96 489
96 529
96 732
96 878
96 1013
96 1071
96 1190
97 186
97 331
97 768
97 908
97 1039
97 1164
97 1444
98 221
98 315
98 347
98 356
98 404
98 721
98 749
98 816
98 1252
98 1380
98 1386
99 161
99 204
99 291
99 698
99 720
99 1028
99 1234
99 1244
99 1516
100 303
100 577
100 757
100 820
100 1024
100 1085
100 1234
100 1393
100 1432
100 1439
101 121
101 314
101 517
101 1070
101 1198
101 1295
101 1355
101 1423
101 1438
102 111
102 241
102 355
102 633
102 823
102 991
102 1132
103 307
103 562
103 655
103 715
103 761
103 770
103 773
103 836
103 951
103 1355
103 1375
104 667
104 821
104 1026
104 1128
104 1483
105 171
105 196
105 277
105 994
105 996
105 1004
105 1010
105 1061
105 1120
106 233
106 488
106 524
106 802
106 826
106 1019
106 1397
107 144
107 488
107 918
107 1461
108 270
108 382
108 398
108 667
108 741
108 892
108 919
108 1133
108 1343
108 1446
108 1454
108 1460
108 1512
109 335
109 559
109 703
109 707
109 881
109 1025
109 1094
109 1390
109 1514
110 219
110 255
110 360
110 874
110 1006
110 1114
110 1248
110 1441
110 1471
111 191
111 707
111 750
111 1031
111 1330
111 1392
112 309
112 621
112 713
112 746
112 814
112 843
112 852
112 1044
112 1187
113 161
113 245
113 296
113 301
113 305
113 539
113 668
113 809
114 180
114 181
114 408
114 703
114 1042
114 1143
114 1242
114 1266
114 1271
114 1426
114 1458
114 1513
115 208
115 523
115 808
115 945
115 1022
115 1438
115 1441
116 172
116 334
116 383
116 649
116 659
116 1239
116 1436
117 262
117 334
117 682
117 788
117 851
117 1086
117 1257
117 1424
117 1502
118 220
118 823
118 964
118 1029
118 1096
118 1220
119 137
119 177
119 507
119 519
119 702
119 1061
119 1445
119 1524
120 177
120 241
120 260
120 352
120 390
120 414
120 1503
121 234
121 407
121 625
121 642
121 855
121 886
121 983
121 1091
121 1408
121 1441
122 283
122 334
122 407
122 547
122 713
122 799
122 975
122 982
122 1093
122 1256
122 1316
123 267
123 365
123 475
123 548
123 689
123 825
123 1258
123 1450
124 348
124 465
124 517
124 796
124 999
124 1207
125 589
125 627
125 1216
125 1356
126 384
126 532
126 649
126 683
126 686
126 713
126 1021
126 1244
126 1518
127 175
127 573
127 713
127 775
127 800
127 826
127 1004
127 1485
128 196
128 360
128 1058
129 131
129 219
129 539
129 1105
129 1167
129 1340
129 1365
129 1472
130 203
130 240
130 478
130 536
130 783
130 1059
130 1083
130 1136
130 1356
131 368
131 548
131 716
131 836
131 996
131 1210
131 1502
132 175
132 516
132 613
132 786
132 840
132 883
132 987
132 1147
132 1323
132 1370
132 1489
133 295
133 343
133 439
133 602
133 871
133 1218
134 334
134 408
134 814
134 855
134 954
134 1399
134 1459
135 185
135 209
135 312
135 408
135 724
135 925
135 990
135 1241
135 1321
136 353
136 397
136 639
136 710
136 727
136 814
136 1047
137 142
137 306
137 406
137 771
137 783
137 946
137 1051
137 1091
137 1103
137 1176
137 1452
137 1463
138 149
138 163
138 392
138 587
138 664
138 965
138 1049
138 1061
138 1356
139 176
139 325
139 364
139 638
139 1265
140 423
140 485
140 718
140 816
140 982
140 1356
140 1408
140 1443
140 1467
141 364
141 537
141 1263
141 1520
142 148
142 413
142 585
142 813
142 967
142 1380
142 1512
143 552
143 666
143 795
143 874
143 879
143 927
143 938
143 983
143 1101
143 1188
144 423
144 512
144 1305
144 1370
144 1380
145 147
145 223
145 412
145 459
145 657
145 944
145 1235
145 1363
145 1443
145 1491
146 454
146 480
146 873
146 1034
147 543
147 548
147 622
147 663
147 769
147 826
147 833
147 974
147 982
147 1017
147 1229
147 1504
148 217
148 607
148 717
148 893
148 916
148 920
148 1183
149 344
149 600
149 838
149 1445
150 182
150 252
150 384
150 507
150 520
150 553
150 581
150 1312
150 1384
150 1470
151 395
151 545
151 599
151 761
151 1236
151 1284
151 1461
152 414
152 427
152 433
152 518
152 633
152 665
152 951
152 1214
152 1290
152 1381
152 1523
153 172
153 258
153 682
153 822
153 871
153 895
153 985
153 1088
153 1200
153 1337
153 1498
154 190
154 617
154 957
154 1149
154 1219
154 1269
154 1289
155 279
155 524
155 726
155 773
155 852
155 1227
155 1370
155 1448
156 213
156 319
156 769
156 912
156 936
156 994
157 332
157 363
157 396
157 460
157 467
157 522
157 669
157 869
157 982
157 1299
158 202
158 345
158 566
158 725
158 836
158 1063
158 1272
159 212
159 317
159 491
159 599
159 900
159 930
159 1015
159 1104
159 1195
159 1198
159 1418
160 235
160 285
160 423
160 457
160 512
160 875
160 949
160 1236
160 1294
161 265
161 340
161 475
161 483
161 649
161 727
161 886
161 1058
161 1499
162 370
162 379
162 511
162 602
162 645
162 699
162 788
162 931
162 1225
162 1330
162 1469
163 358
163 368
163 530
163 568
163 861
163 897
163 912
163 947
163 1223
163 1373
163 1408
163 1456
163 1467
164 467
164 516
164 1377
165 275
165 606
165 713
165 746
165 920
165 1137
165 1411
166 204
166 483
166 558
166 768
166 1032
166 1107
166 1146
167 378
167 397
167 509
167 993
167 1162
167 1441
167 1474
167 1518
168 200
168 360
168 1130
168 1499
169 289
169 386
169 726
169 913
169 951
169 984
169 998
169 1033
169 1404
169 1448
170 220
170 371
170 562
170 598
170 662
170 950
170 1113
170 1383
170 1503
170 1507
171 239
171 381
171 415
171 973
172 214
172 456
172 575
172 616
172 844
172 1044
172 1230
172 1290
173 280
173 311
173 624
173 918
173 1105
173 1426
174 280
174 622
174 650
174 1040
174 1063
174 1221
174 1227
174 1329
174 1353
175 243
175 525
175 656
175 850
175 1013
175 1230
175 1259
175 1266
175 1403
176 250
176 270
176 452
176 581
176 697
176 859
176 1000
176 1281
176 1443
176 1448
177 220
177 814
177 1078
178 462
178 795
178 1083
178 1135
178 1200
178 1367
178 1444
179 225
179 381
179 729
179 1009
180 223
180 239
180 301
180 447
180 601
180 680
180 789
180 807
180 1153
180 1172
180 1176
180 1221
180 1371
181 213
181 237
181 735
181 877
181 1173
182 212
182 271
182 486
182 629
182 835
182 842
182 1427
182 1453
183 496
183 543
183 909
183 956
183 978
183 993
183 1294
183 1347
184 214
184 257
184 589
184 875
184 1059
184 1109
185 360
185 685
185 1372
185 1391
186 326
186 572
186 694
186 833
186 983
186 1139
186 1342
187 592
187 760
187 1165
187 1167
187 1326
188 216
188 217
188 470
188 596
188 600
188 620
188 713
188 714
188 942
188 1396
188 1463
189 212
189 345
189 697
189 822
189 1188
189 1466
190 292
190 525
190 575
190 661
190 1276
190 1433
190 1440
191 233
191 306
191 340
191 589
191 861
191 1348
191 1478
191 1493
192 640
192 652
192 749
192 1050
192 1191
192 1292
192 1338
193 209
193 703
193 861
193 909
193 1178
193 1386
194 306
194 351
194 631
194 674
194 777
194 837
194 1196
194 1376
194 1473
194 1519
195 225
195 528
195 667
195 727
195 732
195 923
195 1113
195 1298
196 218
196 289
196 334
196 497
196 1026
196 1146
196 1224
197 607
197 669
197 1206
197 1332
197 1410
197 1421
197 1476
197 1480
197 1487
198 409
198 649
198 759
198 803
198 869
198 895
198 939
198 1011
198 1044
198 1067
198 1083
198 1111
198 1156
198 1200
198 1222
199 547
199 836
199 960
199 1283
200 218
200 307
200 471
200 503
200 608
200 741
200 838
200 861
200 880
200 1057
200 1061
200 1100
200 1193
200 1349
201 257
201 270
201 479
201 598
201 641
201 1026
201 1211
202 581
202 611
202 1118
202 1156
202 1511
203 244
203 414
203 812
203 959
203 968
203 1223
203 1235
203 1267
203 1286
203 1353
204 208
204 266
204 390
204 517
204 616
204 651
204 886
204 953
204 988
204 1147
204 1290
204 1491
205 421
205 999
205 1132
206 448
206 501
206 670
206 690
206 1101
206 1290
206 1450
207 219
207 268
207 270
207 448
207 499
207 796
207 884
207 992
207 1017
207 1092
207 1279
208 388
208 464
208 566
208 780
208 904
208 966
209 292
209 393
209 859
209 934
209 1176
209 1250
209 1498
209 1504
210 551
211 351
211 754
211 1052
211 1072
212 450
212 544
212 560
212 587
212 692
212 805
212 1342
212 1412
213 338
213 426
213 431
213 619
213 662
213 833
213 1023
213 1138
213 1150
213 1159
213 1261
213 1467
213 1468
214 355
214 374
214 390
214 909
214 1002
214 1151
214 1176
214 1311
214 1331
214 1401
215 256
215 870
215 934
215 1244
215 1314
215 1361
216 264
216 329
216 386
216 675
216 1147
216 1192
216 1443
216 1483
217 352
217 356
217 403
217 484
217 972
217 1136
217 1408
217 1457
217 1465
218 275
218 476
218 532
218 580
218 727
218 1032
218 1282
218 1429
219 563
219 632
219 697
219 1396
220 230
220 308
220 363
220 529
220 771
220 1177
220 1453
221 413
221 462
222 273
222 343
222 416
222 549
222 1203
222 1414
223 330
223 559
223 668
223 775
223 1008
223 1029
223 1137
223 1232
223 1308
224 291
224 574
224 646
224 702
224 758
224 1076
224 1383
225 295
225 511
225 794
225 986
225 1175
225 1269
225 1404
226 964
226 1082
226 1177
226 1438
226 1508
227 409
227 761
227 1156
227 1193
227 1323
227 1342
227 1394
227 1482
228 415
228 510
228 519
228 684
228 868
228 984
228 1331
229 402
229 528
229 537
229 832
229 957
229 1182
229 1245
229 1253
229 1345
229 1386
229 1516
230 827
230 836
230 837
230 850
230 997
230 1098
230 1141
230 1294
230 1411
231 817
231 939
231 1180
231 1234
232 438
232 440
232 745
232 811
232 882
232 1003
232 1209
232 1214
232 1509
233 234
233 269
233 669
233 685
233 1251
234 631
234 832
234 888
234 1049
234 1130
234 1363
234 1401
235 294
235 334
235 394
235 826
235 829
235 926
236 595
236 905
236 953
236 1363
236 1443
237 556
237 1034
237 1442
238 262
238 516
238 539
238 1212
238 1445
238 1475
239 1126
239 1191
240 282
240 314
240 661
240 1188
240 1340
240 1370
241 378
241 462
241 501
241 667
241 779
241 860
241 1345
241 1410
241 1421
242 262
242 276
242 410
242 488
242 615
242 794
242 841
242 1422
243 253
243 1136
243 1378
243 1424
243 1512
244 274
244 814
244 882
244 1043
244 1143
244 1166
244 1176
244 1210
244 1482
245 707
245 750
245 902
245 910
246 273
246 525
246 576
246 603
246 1024
246 1160
247 301
247 532
247 556
247 693
247 708
247 1015
247 1037
247 1100
247 1417
247 1431
247 1432
248 343
248 581
248 681
248 757
248 918
248 1122
248 1199
248 1378
249 492
249 609
249 629
249 788
249 858
249 992
249 1193
249 1364
250 300
250 328
250 556
250 696
250 780
250 799
250 846
250 863
250 1237
250 1243
251 369
251 374
251 412
251 425
251 750
251 759
251 872
251 1000
251 1093
251 1139
252 619
252 660
252 787
252 893
252 975
252 982
252 1033
252 1262
252 1301
252 1409
252 1448
253 931
253 967
254 452
254 642
254 696
254 748
254 1009
254 1047
254 1476
255 466
255 867
255 936
255 938
255 942
255 1360
255 1523
256 352
256 386
256 432
256 574
256 732
256 1505
257 293
257 302
257 417
257 964
257 1190
258 297
258 313
258 784
258 897
258 1026
258 1127
258 1190
258 1274
258 1332
258 1380
258 1445
259 499
259 730
259 780
259 832
259 840
259 903
260 720
260 771
260 849
260 854
260 864
260 888
260 987
260 1067
260 1143
260 1233
261 344
261 642
261 969
261 1225
261 1234
261 1361
261 1523
262 672
262 892
262 928
263 344
263 1134
263 1377
264 811
264 879
264 948
264 1114
264 1218
264 1380
265 455
265 851
265 1114
266 536
266 547
266 677
266 1090
266 1345
266 1395
267 334
267 468
267 924
267 969
267 1074
268 321
268 509
268 553
268 669
268 962
268 1005
268 1104
269 280
269 370
269 823
269 1121
269 1273
270 635
270 701
270 818
270 1050
270 1079
270 1086
270 1278
271 410
271 765
271 867
271 901
271 904
271 1225
272 304
272 610
272 898
272 948
272 982
272 1138
272 1183
272 1448
273 997
273 1081
273 1138
273 1449
274 606
274 839
274 859
275 278
275 632
275 784
275 790
275 937
275 1040
275 1164
275 1409
276 830
276 1010
276 1041
276 1115
276 1382
277 293
277 377
277 664
277 734
277 893
277 970
277 1017
277 1271
277 1339
277 1472
278 1035
278 1266
278 1402
278 1419
278 1438
278 1462
278 1517
279 340
279 548
279 565
279 745
279 761
279 824
279 880
279 893
279 1060
279 1314
280 318
280 705
280 870
280 972
280 974
280 1146
280 1333
280 1446
281 468
281 535
281 622
281 753
281 756
281 941
281 1319
281 1425
282 293
282 445
282 480
282 580
282 646
282 929
282 1100
282 1136
282 1208
282 1246
282 1461
282 1471
283 293
283 383
283 401
283 459
283 467
283 627
283 699
283 946
283 1096
283 1146
283 1193
283 1338
283 1447
284 308
284 694
284 863
284 1375
285 344
285 747
285 763
285 785
285 875
285 907
285 1034
285 1242
285 1341
286 1310
286 1383
286 1448
287 644
287 749
287 960
287 1309
288 309
288 387
288 447
288 467
288 758
288 843
288 850
288 914
288 957
288 1070
289 526
289 586
289 646
289 763
289 1239
289 1294
290 365
290 496
290 676
290 724
290 819
290 840
290 876
290 886
290 1240
291 830
291 1057
291 1172
291 1180
291 1222
291 1509
292 463
292 878
292 1015
292 1040
293 850
293 1104
293 1250
293 1310
293 1359
293 1409
294 400
294 507
294 1008
294 1299
294 1384
295 437
295 477
295 495
295 509
295 568
295 1057
295 1061
295 1074
295 1283
295 1427
296 734
296 977
296 1131
297 511
297 542
297 688
297 1318
297 1324
297 1396
298 507
298 753
298 860
298 867
298 1004
299 695
299 989
299 1342
299 1350
299 1438
299 1504
300 462
300 591
300 732
300 894
300 1128
300 1237
300 1520
301 353
301 628
301 699
301 789
301 822
301 1101
301 1153
301 1343
301 1395
301 1407
301 1496
302 326
302 650
302 661
302 727
302 764
302 817
302 1083
302 1280
302 1495
302 1502
303 802
303 1195
303 1423
303 1510
304 439
304 487
304 546
304 636
304 730
304 746
304 948
304 1147
304 1490
305 411
305 617
305 989
305 1012
305 1189
305 1285
305 1358
305 1394
306 377
306 381
306 549
306 570
306 600
306 606
306 753
306 817
306 962
306 1058
306 1358
306 1461
307 393
307 933
307 970
307 1056
307 1197
307 1333
307 1523
308 371
308 467
308 853
308 900
308 1176
308 1231
308 1262
308 1492
308 1521
309 651
309 660
309 701
309 811
309 835
309 1072
309 1451
309 1453
310 394
310 702
310 709
310 920
310 1430
310 1516
311 390
311 392
311 565
311 806
311 895
311 1080
311 1081
311 1109
311 1232
312 665
312 854
312 1106
312 1304
312 1335
312 1358
312 1520
313 580
313 774
313 798
313 1361
314 382
314 509
314 511
314 588
314 656
314 716
314 838
314 871
314 972
314 1227
314 1442
315 503
315 825
315 1449
316 327
316 722
316 851
316 965
316 977
316 1044
316 1424
316 1462
317 436
317 510
317 647
317 652
317 760
317 783
317 973
317 1236
317 1263
317 1457
318 488
318 591
318 718
318 1066
318 1473
319 404
319 431
319 939
319 1423
320 332
320 477
320 628
320 741
320 816
320 892
320 903
320 1007
320 1050
320 1200
320 1245
320 1258
320 1410
320 1421
320 1424
321 658
321 679
321 711
321 966
321 1262
321 1265
322 518
322 942
322 1145
323 326
323 780
323 1060
323 1083
324 495
324 569
324 1043
324 1354
324 1425
325 356
325 385
325 478
325 717
325 830
325 847
325 910
325 1164
325 1212
325 1280
325 1308
325 1390
325 1421
325 1506
326 895
326 1187
326 1223
326 1520
327 397
327 558
328 425
328 685
328 719
328 818
328 819
329 412
329 426
329 713
329 975
330 354
330 456
330 564
330 981
330 1024
330 1402
331 416
331 746
332 457
332 725
332 1209
332 1413
332 1497
333 357
333 470
333 612
333 814
333 944
333 1070
333 1240
334 353
334 425
334 688
334 737
334 871
335 727
336 670
336 790
336 868
336 967
336 1053
336 1190
337 493
337 719
337 760
337 763
337 1010
337 1060
337 1114
337 1238
337 1261
338 533
338 923
338 1108
338 1182
338 1224
338 1501
339 675
339 789
339 1023
339 1101
339 1386
339 1406
339 1457
340 795
340 1034
340 1102
340 1180
340 1485
341 690
341 765
341 824
341 827
342 482
342 488
342 569
342 712
342 722
342 1204
342 1235
342 1281
342 1310
342 1366
343 439
343 543
343 654
343 799
343 966
343 1014
343 1186
344 606
344 631
344 646
344 815
344 865
344 1294
344 1305
345 682
345 1022
345 1487
346 357
346 579
346 615
346 751
346 1058
346 1187
346 1237
347 391
347 499
347 1051
347 1106
347 1219
347 1514
348 579
348 683
348 1150
348 1157
348 1226
349 675
349 962
349 993
349 1155
349 1362
349 1399
349 1400
349 1411
349 1477
350 408
350 419
350 491
350 616
350 626
350 850
350 1211
351 720
351 766
351 984
351 1038
351 1102
351 1378
351 1436
352 386
352 588
352 645
352 663
352 732
352 827
352 848
352 877
352 972
352 1112
352 1240
353 665
353 868
353 1006
353 1200
353 1212
353 1258
353 1490
354 829
354 845
354 1074
354 1292
354 1465
355 483
355 740
355 1064
355 1154
355 1284
355 1309
355 1415
356 829
356 849
356 922
356 1020
356 1110
356 1398
357 480
357 605
357 676
357 759
357 924
357 1100
357 1153
358 429
358 484
358 512
358 650
358 934
358 1184
358 1380
358 1447
359 500
359 528
359 634
359 1029
359 1196
359 1462
360 421
360 481
360 527
360 737
360 748
360 861
360 1013
360 1199
361 468
361 791
361 806
361 905
361 1215
361 1285
362 367
362 372
362 472
362 584
362 905
362 1048
362 1283
362 1483
363 646
363 660
363 770
363 1246
364 478
364 491
364 747
364 776
364 829
364 970
365 420
365 828
365 856
365 966
365 1306
365 1483
365 1493
366 571
366 636
366 790
366 871
366 1335
367 382
367 546
367 583
367 806
367 905
367 947
367 1116
367 1292
367 1354
368 404
368 664
368 956
368 972
368 1229
368 1357
369 540
369 1124
369 1330
370 1091
370 1273
370 1428
371 993
371 1051
371 1061
371 1072
371 1190
372 436
372 443
372 636
372 712
372 774
372 923
372 1280
372 1333
372 1368
373 685
373 798
373 1082
373 1166
373 1397
373 1412
374 632
374 856
374 908
374 917
374 971
374 1070
374 1168
374 1251
374 1298
374 1309
374 1521
375 529
375 694
376 387
376 1090
376 1442
377 554
377 711
377 783
377 1112
377 1458
377 1462
378 534
378 575
378 736
378 802
378 880
378 1052
378 1058
378 1169
378 1193
378 1197
378 1404
379 819
379 928
379 943
379 1005
379 1176
379 1180
379 1322
380 668
380 754
380 873
380 1055
380 1152
380 1522
381 724
381 1179
381 1188
381 1190
381 1220
382 432
382 645
382 752
382 917
382 1179
382 1181
382 1273
383 443
383 568
383 581
383 621
383 806
383 836
383 981
383 1088
383 1101
383 1197
383 1326
383 1389
384 669
384 936
384 1509
385 544
385 635
385 645
385 730
385 1171
385 1397
385 1464
386 439
386 508
386 541
386 901
386 917
386 1304
386 1386
387 414
387 556
387 605
387 905
387 1242
388 623
388 679
388 701
388 771
388 976
388 1053
388 1143
389 511
389 526
389 587
389 658
389 1186
389 1315
389 1427
390 420
390 596
390 913
390 918
390 1367
390 1445
390 1448
391 495
391 550
391 677
391 763
391 788
391 968
391 1180
391 1198
391 1275
391 1431
392 1005
392 1033
392 1169
392 1240
392 1449
392 1469
393 745
393 1022
393 1163
393 1466
394 518
394 597
394 661
394 876
394 1253
394 1274
394 1350
394 1474
395 490
395 654
395 695
395 903
395 905
395 958
395 1006
395 1495
396 706
396 808
396 938
396 1175
396 1200
396 1212
396 1213
396 1415
396 1519
397 559
397 597
397 770
397 1077
397 1209
397 1247
397 1268
398 469
398 501
398 504
398 697
398 894
398 922
398 1347
398 1437
398 1450
398 1457
399 516
399 604
399 776
399 944
400 633
400 1009
400 1376
401 530
401 756
401 1107
402 619
402 844
402 963
402 1217
402 1396
402 1453
403 803
403 897
403 1194
403 1384
404 932
404 1181
404 1228
404 1500
405 523
405 637
405 855
405 973
405 1412
405 1499
406 606
406 672
406 756
406 1016
406 1032
406 1207
406 1350
406 1438
407 460
407 500
407 713
407 884
407 923
407 934
407 1053
407 1103
407 1406
407 1447
408 576
408 1210
409 431
409 492
409 552
409 791
409 1207
410 519
410 584
410 661
410 679
410 1198
410 1374
410 1394
410 1453
410 1491
410 1499
411 459
411 711
411 847
411 1043
411 1119
411 1198
411 1349
411 1360
412 548
412 657
412 1007
412 1096
412 1134
413 1347
414 814
414 820
414 928
414 976
414 1152
414 1175
414 1475
415 506
415 651
415 1050
415 1071
415 1126
415 1174
415 1192
415 1394
415 1510
416 900
416 1067
416 1302
417 1283
417 1497
418 656
418 813
418 887
418 931
418 1020
419 535
419 724
419 779
419 793
419 837
419 958
419 1093
419 1268
419 1334
419 1429
420 917
420 1061
420 1245
421 447
421 781
421 960
421 1130
421 1190
421 1380
421 1502
422 644
422 1023
422 1203
423 708
423 1190
423 1319
423 1454
423 1464
424 529
424 687
424 797
424 1162
424 1510
424 1515
424 1519
425 563
425 565
425 1300
426 515
426 759
426 837
426 901
426 972
426 1105
427 652
427 813
427 846
427 897
427 1065
427 1070
427 1079
427 1382
427 1517
428 1095
429 1146
429 1310
430 673
430 766
430 857
430 931
430 972
430 1173
430 1329
431 514
431 681
431 884
431 1262
431 1459
432 500
432 872
432 1004
432 1040
432 1230
433 810
433 818
433 1341
434 684
434 709
434 740
434 776
435 560
435 639
435 744
435 874
435 883
435 1179
435 1289
435 1369
436 751
436 771
436 797
436 815
436 872
436 1249
436 1501
437 499
437 530
437 617
437 688
437 815
437 856
437 1028
437 1381
437 1523
438 448
438 449
438 489
438 527
438 917
438 988
438 1076
438 1101
438 1166
438 1316
438 1522
439 559
439 957
439 1408
440 1056
440 1239
441 491
441 526
441 900
441 1086
441 1305
441 1307
442 1329
443 517
443 672
443 871
443 1074
443 1087
443 1182
444 809
444 973
444 1045
445 555
445 607
445 1179
445 1210
446 479
446 691
446 927
446 1051
446 1088
446 1124
446 1241
447 917
447 1428
448 513
448 664
448 766
448 1073
448 1087
448 1190
449 794
449 836
449 919
449 1094
449 1129
449 1424
450 645
450 717
450 920
450 1332
450 1433
451 541
451 974
451 1137
451 1382
451 1483
452 536
452 809
452 1136
452 1295
453 682
453 749
453 889
453 1419
454 473
454 668
454 779
454 949
454 1038
454 1064
454 1155
454 1405
455 1189
455 1460
456 491
456 510
456 699
456 1484
456 1520
457 558
457 572
457 1139
458 675
458 708
458 843
458 1273
459 927
459 1411
459 1447
460 557
460 993
461 696
461 1354
462 495
462 547
462 622
462 874
462 1018
462 1151
463 684
463 1047
463 1127
463 1349
464 593
464 790
464 890
464 900
464 1041
464 1306
464 1416
465 876
465 969
465 1168
465 1172
465 1179
465 1327
466 561
466 577
466 713
466 859
466 908
466 1277
466 1294
466 1365
466 1388
467 630
467 720
467 834
467 930
467 1063
467 1094
467 1244
467 1326
468 649
468 750
468 910
468 982
468 1068
468 1158
468 1235
468 1323
468 1391
468 1506
469 850
469 958
469 1166
469 1289
469 1460
470 661
470 686
470 705
470 1010
471 513
471 674
471 859
471 1203
471 1250
472 498
472 877
472 971
472 1001
472 1037
472 1089
472 1435
472 1500
473 958
473 1115
473 1436
474 542
474 573
474 637
474 1195
474 1208
474 1216
474 1513
475 480
476 658
476 726
476 729
476 967
476 993
476 1010
476 1035
476 1051
476 1214
476 1222
476 1360
477 822
477 1025
477 1084
477 1254
478 860
478 863
478 1092
478 1188
479 1135
479 1168
479 1360
480 849
480 1124
481 628
481 887
481 1112
481 1358
481 1439
481 1454
482 718
482 966
482 1126
482 1188
482 1401
482 1481
483 571
483 660
483 755
483 803
483 850
483 1076
483 1095
483 1364
484 550
484 759
484 904
484 999
484 1061
484 1175
484 1221
485 728
485 1098
486 655
486 882
486 889
486 1003
486 1070
486 1237
486 1361
487 575
487 608
487 1009
487 1280
488 824
488 849
488 887
488 1036
488 1104
488 1517
489 653
489 741
489 808
489 846
489 876
489 982
489 1184
489 1454
490 535
490 781
490 929
490 1289
490 1378
491 714
491 1101
491 1104
491 1157
491 1194
491 1354
492 721
492 992
492 1159
492 1369
492 1377
492 1425
493 545
493 575
493 659
493 757
493 1309
494 535
494 551
494 713
494 731
494 836
494 910
494 975
494 1122
494 1154
494 1333
494 1411
494 1451
495 665
495 1131
495 1498
495 1499
495 1515
496 810
496 878
496 1160
496 1486
497 665
497 692
497 896
497 1416
497 1496
498 504
498 943
498 998
498 1168
498 1501
499 556
499 675
499 717
499 791
499 852
499 946
499 1151
499 1220
499 1400
499 1490
500 667
500 733
500 897
500 1006
500 1311
500 1314
501 557
501 625
501 893
501 1127
502 1219
503 520
503 683
503 819
503 1418
504 676
504 1059
504 1107
504 1218
504 1239
504 1384
505 707
505 708
505 717
505 732
505 738
505 1397
506 713
506 797
506 1195
507 1383
507 1400
508 534
508 546
508 1029
508 1234
508 1318
508 1429
509 686
509 857
509 878
509 932
509 1056
509 1240
510 583
510 869
510 1028
510 1058
510 1420
510 1439
510 1443
510 1469
511 843
511 1017
511 1025
511 1432
511 1515
512 608
512 801
512 816
512 906
512 978
512 1063
512 1091
512 1344
512 1364
513 708
513 830
513 1036
513 1163
513 1194
513 1381
513 1449
513 1482
514 592
514 618
514 771
514 1089
514 1119
514 1356
515 1339
516 767
516 869
516 1106
516 1145
516 1268
516 1414
517 592
517 974
517 1039
517 1106
518 690
518 1063
518 1317
519 602
519 782
519 913
519 1063
520 542
520 1084
520 1106
520 1161
520 1267
520 1380
520 1462
521 742
521 778
521 1144
521 1159
521 1199
521 1491
522 576
522 662
522 695
522 846
522 1027
522 1110
522 1203
522 1510
523 767
523 935
523 1027
523 1298
523 1319
523 1501
523 1506
523 1521
524 647
524 740
524 907
524 942
524 1125
524 1522
525 863
525 912
525 979
525 1055
525 1218
525 1224
525 1265
525 1402
526 646
526 664
526 783
526 817
526 907
526 989
526 1039
526 1466
527 588
527 759
527 1057
527 1189
527 1267
527 1294
527 1376
527 1378
527 1475
527 1521
528 613
528 1084
529 877
529 904
529 914
529 1191
529 1210
529 1304
530 1030
530 1041
530 1227
530 1511
531 567
531 929
531 1097
531 1295
531 1404
532 694
532 738
532 744
532 995
532 1326
532 1347
532 1467
533 544
533 965
533 1495
534 635
534 1361
534 1394
534 1425
534 1473
535 545
535 596
535 784
535 937
535 1064
535 1123
535 1125
535 1278
535 1337
536 625
536 666
536 831
536 905
536 1041
536 1252
536 1318
536 1498
537 676
537 856
537 1054
537 1312
537 1471
538 584
538 664
538 839
538 1251
538 1292
538 1294
539 595
539 667
539 809
539 816
539 882
539 888
539 893
539 953
539 961
539 1153
539 1201
539 1231
539 1260
539 1348
540 636
540 886
540 1031
540 1346
540 1471
541 693
541 751
541 866
541 886
541 897
541 989
541 997
541 1034
541 1101
541 1109
541 1278
541 1451
542 674
542 709
542 902
542 993
542 1017
542 1045
542 1477
543 565
543 648
543 930
543 1447
544 564
544 617
544 632
544 692
544 1033
544 1194
544 1408
545 557
545 598
545 631
545 692
545 950
546 640
546 1040
547 615
547 728
547 892
547 992
547 1077
547 1202
547 1516
547 1523
548 567
548 669
548 858
548 880
548 993
548 1119
548 1324
549 736
549 828
549 936
550 1034
551 692
551 713
551 749
551 906
551 1011
551 1076
551 1168
552 589
552 623
552 992
552 1009
552 1162
552 1188
552 1199
553 561
553 609
553 768
553 1133
554 680
554 1049
555 946
555 1098
555 1220
555 1225
555 1308
555 1321
555 1436
556 755
556 871
556 931
556 1030
556 1232
557 606
557 1017
557 1152
557 1503
557 1513
558 620
558 770
558 823
559 672
559 734
559 778
559 965
559 1019
559 1418
559 1466
560 699
560 833
560 1112
560 1250
560 1266
560 1322
560 1369
561 594
561 1284
561 1297
561 1456
561 1506
562 1007
562 1293
562 1310
562 1337
562 1513
563 759
563 886
563 1028
563 1405
563 1480
564 662
564 801
564 868
564 993
564 1157
564 1450
565 711
565 910
565 938
565 1134
565 1159
565 1302
565 1346
565 1508
566 707
566 722
566 1281
567 643
567 703
567 725
567 935
567 986
567 1067
567 1376
567 1387
567 1426
568 595
568 728
568 977
568 1054
568 1172
568 1352
568 1468
568 1474
568 1494
569 596
569 598
569 690
569 703
569 1019
569 1159
569 1443
570 1004
570 1043
570 1279
570 1473
571 882
571 1071
571 1095
571 1154
571 1391
572 979
572 1099
572 1142
572 1156
572 1253
572 1259
572 1342
573 605
573 669
573 1494
574 781
574 788
574 827
574 1049
575 627
575 667
575 670
575 754
575 960
575 991
575 1195
575 1499
576 1245
576 1426
577 606
577 745
577 1130
577 1515
578 666
578 1006
578 1267
579 771
579 1392
579 1481
580 595
580 1468
581 602
581 1291
581 1299
581 1324
582 606
582 738
582 940
582 941
582 1100
582 1311
582 1333
582 1420
582 1495
582 1506
583 661
583 929
583 1155
583 1210
583 1345
583 1360
583 1470
583 1478
584 588
584 757
584 980
584 994
584 1003
584 1394
585 1039
585 1061
585 1131
585 1303
585 1350
586 758
586 803
586 899
586 966
586 1062
586 1101
586 1110
587 692
587 867
587 948
587 998
587 1047
587 1297
588 678
588 703
588 707
588 788
588 841
588 1062
589 727
589 1300
589 1401
589 1464
590 1422
591 635
591 890
591 891
591 1095
591 1231
591 1244
591 1363
591 1389
592 729
592 766
592 843
592 1050
593 1487
594 610
594 623
594 705
594 893
594 946
594 1228
594 1366
594 1404
595 808
596 776
596 952
596 1359
596 1364
597 983
597 1022
597 1241
597 1255
598 679
598 1003
598 1118
598 1174
599 761
599 772
599 878
599 1140
599 1432
600 608
600 872
600 1073
600 1222
600 1355
601 825
601 904
602 649
602 750
602 955
602 1040
602 1076
602 1163
602 1200
603 752
603 755
603 829
603 1143
603 1306
603 1445
603 1448
604 653
604 1058
605 612
605 1166
605 1397
606 1210
606 1218
606 1494
607 741
607 832
607 919
607 971
607 1045
607 1273
608 1513
609 854
609 1026
609 1057
609 1178
609 1184
610 797
610 1013
610 1197
610 1205
611 775
611 1026
611 1038
611 1331
612 725
612 736
612 781
612 887
612 973
612 1045
612 1188
613 660
613 751
613 1325
613 1418
614 1213
614 1250
615 658
615 822
615 986
615 1173
615 1193
615 1319
616 764
616 815
616 1232
616 1465
616 1522
617 715
618 654
618 902
618 972
618 999
618 1101
618 1168
618 1217
618 1287
618 1508
619 803
620 920
620 1493
621 706
621 1191
621 1204
621 1424
622 672
622 700
622 831
622 881
622 995
623 655
623 867
623 984
623 1143
623 1156
623 1226
623 1248
623 1298
624 726
624 820
624 987
624 1082
624 1086
625 810
625 906
625 958
625 970
625 992
625 1235
626 690
626 859
626 992
626 1040
627 944
627 1392
627 1481
628 776
628 978
628 1008
628 1087
628 1201
628 1374
628 1481
629 713
629 825
629 1045
629 1194
629 1496
630 704
630 1035
630 1086
630 1219
630 1336
630 1446
630 1483
631 694
631 712
631 828
631 914
631 1022
631 1483
632 806
632 897
632 928
632 1221
632 1416
633 648
633 1074
633 1243
633 1432
634 874
634 1190
634 1361
634 1409
635 991
635 1028
635 1258
635 1469
635 1470
636 853
636 927
636 1466
637 759
637 992
637 1091
637 1121
637 1218
637 1235
638 650
638 1450
639 802
639 873
639 1366
640 710
640 825
640 829
641 865
641 894
641 969
641 1230
641 1389
642 662
642 668
642 704
642 717
642 929
642 985
642 1145
642 1266
642 1329
643 645
643 908
643 1251
643 1253
644 804
644 1027
644 1166
644 1517
645 661
645 668
645 935
645 1080
645 1394
646 685
646 845
646 1323
646 1450
647 729
647 893
647 899
647 1143
647 1443
648 777
648 807
648 949
648 1047
648 1100
648 1149
648 1181
648 1478
649 656
649 756
649 948
649 1399
649 1491
649 1519
650 1161
651 653
651 864
651 1238
651 1398
652 763
652 1181
652 1204
652 1358
653 690
653 1299
654 899
654 918
654 1206
654 1310
654 1506
655 718
655 802
655 857
655 1192
655 1263
655 1378
656 800
656 1040
656 1145
656 1294
656 1360
656 1416
657 793
657 797
657 967
657 1071
657 1080
657 1134
657 1183
658 683
658 1024
658 1279
659 662
659 693
659 843
659 1162
660 721
660 901
660 1015
660 1093
660 1138
660 1352
660 1412
660 1444
661 799
661 952
661 982
661 1135
661 1376
661 1468
662 862
662 1216
662 1365
662 1387
662 1402
662 1496
663 701
663 789
663 1075
663 1162
663 1235
663 1287
663 1290
663 1307
663 1505
663 1511
664 691
664 740
664 888
664 941
664 1002
664 1178
664 1204
664 1515
665 950
665 1264
665 1481
666 689
666 1010
666 1354
667 681
667 913
667 1149
667 1240
667 1383
668 1095
668 1099
669 761
669 832
669 950
669 1092
669 1345
669 1410
670 918
670 1359
670 1407
671 1396
671 1421
671 1512
672 736
672 1060
672 1068
672 1229
672 1232
673 872
673 1293
673 1464
674 724
674 792
674 848
674 1057
674 1368
674 1417
675 802
675 856
675 982
675 1145
676 916
676 922
676 1210
677 780
677 1041
678 696
678 697
678 833
679 708
680 689
680 966
680 1030
680 1120
680 1145
680 1177
680 1199
680 1244
681 749
681 1448
681 1486
682 704
682 949
682 1100
682 1304
682 1379
683 762
683 803
683 1042
683 1147
683 1261
684 824
684 1040
684 1173
684 1192
684 1201
684 1222
684 1255
684 1485
684 1517
685 720
685 780
685 843
685 868
685 1335
686 790
686 1094
686 1315
687 809
688 804
688 844
688 1238
688 1349
688 1375
689 697
689 747
689 1237
689 1364
689 1483
689 1508
690 788
690 853
690 872
690 887
690 932
690 1015
690 1154
690 1215
690 1297
690 1330
691 882
691 1221
691 1363
691 1372
691 1439
691 1472
692 918
692 1080
692 1323
692 1335
692 1383
692 1387
693 1324
694 799
694 1151
694 1284
694 1405
695 906
695 918
695 1066
695 1178
695 1227
695 1289
695 1510
696 872
696 1087
696 1149
696 1163
696 1184
696 1384
696 1398
697 727
697 737
697 999
697 1225
697 1368
697 1413
698 823
698 904
698 1215
698 1359
699 904
699 1000
699 1044
699 1246
699 1504
700 1009
700 1147
700 1202
700 1220
700 1398
700 1469
700 1492
701 960
701 1392
701 1429
701 1445
702 839
702 1355
702 1360
702 1425
703 967
703 1204
703 1317
703 1427
703 1500
704 736
704 1091
704 1154
704 1244
704 1472
705 849
705 990
705 1161
706 837
706 972
706 1043
706 1079
706 1138
706 1260
706 1378
706 1421
706 1513
707 886
707 1122
707 1381
708 884
708 1006
708 1021
708 1504
709 806
709 816
709 1200
709 1229
710 727
710 918
710 958
710 968
710 1053
710 1085
710 1109
710 1364
711 834
711 906
711 1122
711 1318
711 1401
711 1405
711 1437
711 1493
712 725
712 743
712 944
712 1332
712 1427
713 714
713 738
714 728
714 810
714 1347
714 1352
714 1404
714 1465
715 824
715 1352
716 902
716 930
717 812
717 863
717 912
717 1118
717 1170
717 1174
717 1328
718 732
718 868
718 940
718 975
718 1060
718 1197
718 1523
719 786
719 943
719 971
719 1035
719 1049
719 1056
719 1249
719 1473
719 1493
720 905
720 1000
720 1088
720 1121
720 1275
720 1350
721 742
721 1492
722 1178
722 1186
722 1228
722 1230
722 1430
723 750
723 1176
723 1291
723 1398
723 1455
724 730
724 795
724 990
724 1091
724 1258
724 1268
724 1323
725 1103
725 1282
725 1332
726 836
726 1130
726 1144
726 1262
726 1389
726 1403
726 1439
726 1450
727 858
727 1520
728 947
728 1178
728 1210
728 1238
729 737
729 1172
729 1190
729 1323
729 1440
730 774
730 1081
730 1119
730 1285
731 1072
731 1216
731 1221
732 1070
732 1237
732 1286
733 1322
733 1368
733 1420
734 1019
734 1128
734 1195
734 1222
735 915
735 961
735 1171
736 905
736 973
736 1061
736 1492
737 1132
738 1464
739 928
739 975
739 1216
739 1314
739 1399
740 786
740 792
740 885
740 1288
741 990
741 1054
741 1094
741 1117
741 1317
742 807
742 1267
742 1422
742 1427
743 899
743 1195
743 1246
743 1320
744 799
744 1019
744 1269
744 1443
745 814
745 837
745 1255
745 1258
745 1393
745 1450
746 768
746 852
746 926
746 932
746 1035
746 1341
746 1372
746 1376
746 1479
747 1147
748 986
748 1023
748 1100
748 1102
748 1157
748 1363
748 1388
749 982
749 1001
749 1324
750 805
750 1003
750 1093
750 1197
750 1327
750 1486
751 797
751 846
751 1079
751 1107
751 1165
751 1189
752 1203
752 1220
753 867
753 980
753 1029
753 1031
753 1129
753 1172
754 1210
755 785
755 975
755 1019
755 1312
755 1467
755 1515
756 896
756 977
756 1121
756 1146
756 1219
757 805
757 1080
757 1170
757 1236
757 1448
758 832
758 880
758 994
758 1007
758 1070
758 1089
759 809
759 916
759 1003
759 1062
759 1322
759 1341
759 1463
760 886
760 1460
760 1491
761 953
761 1052
761 1326
762 1068
762 1084
762 1262
762 1277
762 1459
763 917
763 1164
763 1342
763 1388
764 934
764 1140
764 1358
765 1073
765 1296
765 1488
766 812
766 844
766 1021
766 1398
767 830
767 970
767 1024
767 1144
767 1178
767 1284
767 1350
767 1367
767 1456
768 776
768 829
769 854
769 986
769 1046
769 1119
770 835
770 1172
770 1422
770 1431
771 786
772 844
772 895
772 959
772 1083
772 1403
773 1126
773 1286
773 1351
773 1495
773 1519
774 1168
775 840
775 921
775 945
775 1192
775 1203
776 1315
777 886
777 938
777 1076
777 1188
777 1207
777 1406
777 1426
777 1445
778 809
779 951
779 970
779 1155
779 1216
779 1246
779 1358
779 1506
781 969
781 1115
782 991
782 998
782 1045
782 1048
783 902
783 1333
783 1349
784 1006
784 1010
784 1166
784 1243
784 1365
785 1285
785 1417
786 814
786 835
786 930
786 1124
786 1456
787 922
787 932
787 1076
787 1132
787 1336
787 1411
787 1456
789 791
790 1079
790 1154
790 1192
790 1209
790 1246
790 1445
791 994
791 1037
791 1150
791 1152
792 988
792 1070
792 1182
792 1492
793 1032
794 892
794 1005
794 1140
794 1463
795 902
795 937
795 1227
795 1239
796 937
796 980
796 1012
796 1029
796 1250
796 1289
796 1520
797 833
797 1500
798 844
798 890
798 1236
798 1300
798 1388
798 1451
798 1495
799 1088
800 1273
801 1405
802 1313
803 1266
803 1400
804 842
804 1189
804 1225
805 946
805 1096
805 1447
806 882
806 1018
806 1043
806 1236
807 1127
807 1128
808 860
808 978
808 1117
808 1120
809 910
809 937
809 1238
809 1353
809 1460
809 1495
809 1496
810 974
810 1172
810 1439
811 1065
811 1200
811 1404
812 927
812 967
812 1154
812 1408
813 971
813 990
813 1051
813 1143
813 1228
813 1244
813 1345
814 1045
814 1085
814 1125
814 1204
815 995
815 1091
815 1101
816 1353
817 826
817 953
817 1032
817 1164
817 1208
818 1076
818 1301
818 1448
819 833
819 851
819 891
819 1268
819 1393
819 1441
820 1003
820 1039
820 1067
820 1488
821 835
821 873
821 1048
821 1304
822 1124
822 1159
822 1318
822 1348
822 1496
822 1509
823 901
823 1110
823 1130
824 962
824 1250
824 1264
824 1279
824 1291
824 1304
824 1332
824 1502
825 837
825 946
825 1019
825 1029
825 1081
825 1285
825 1317
825 1351
825 1445
825 1460
826 932
826 1238
826 1399
827 1288
827 1380
827 1438
828 859
828 1462
829 1187
829 1195
829 1419
830 873
830 889
830 913
830 945
830 1009
830 1103
830 1227
830 1459
830 1501
831 995
831 1165
831 1210
831 1226
831 1298
831 1305
832 1214
832 1427
833 939
833 1039
833 1224
834 1087
835 930
835 1131
835 1168
836 873
836 875
836 1260
836 1389
837 904
837 966
837 1163
837 1195
837 1239
837 1307
837 1464
838 889
838 1154
838 1217
838 1413
839 867
839 907
839 1057
839 1131
840 855
840 1105
840 1415
841 1287
841 1306
841 1315
841 1402
841 1448
841 1465
841 1475
842 1250
842 1428
843 1238
843 1255
845 1071
845 1522
846 908
846 1212
846 1283
846 1296
846 1315
846 1482
847 1024
847 1216
847 1223
848 952
848 970
848 1071
848 1106
848 1234
849 883
849 1252
849 1520
849 1522
850 930
850 1214
850 1292
851 1071
851 1072
851 1265
851 1379
852 925
852 1108
852 1252
852 1397
852 1399
853 1128
853 1231
853 1269
853 1316
853 1321
855 900
855 1082
855 1126
855 1231
856 910
856 978
856 1245
856 1466
857 859
857 954
857 1075
858 977
858 1492
859 1082
859 1191
859 1317
860 1105
861 982
861 1195
862 922
862 1107
862 1281
862 1357
862 1503
863 929
863 1297
863 1412
864 1381
864 1413
865 1360
865 1503
866 985
866 1120
866 1241
866 1284
866 1341
867 885
867 931
868 1259
868 1261
868 1355
868 1382
868 1438
869 975
869 1080
869 1278
869 1437
870 1093
870 1464
870 1498
871 1265
871 1293
871 1395
871 1412
871 1419
872 882
872 1315
872 1383
873 1050
873 1283
873 1297
873 1355
873 1452
874 950
874 964
874 1027
874 1290
875 906
875 1079
875 1127
875 1177
875 1288
876 1293
876 1319
876 1524
877 1291
877 1363
877 1513
878 966
878 1387
879 913
879 972
879 1031
879 1272
879 1344
881 942
881 964
881 1114
881 1146
881 1334
882 890
882 1254
882 1308
883 977
884 899
884 997
884 1163
884 1222
884 1323
884 1328
884 1348
885 938
885 1135
886 1304
886 1325
888 906
888 975
888 1200
888 1513
889 951
889 1189
889 1205
889 1339
889 1493
889 1504
890 939
890 1000
890 1300
891 900
891 1123
891 1262
891 1282
892 994
892 1101
892 1137
892 1222
893 1054
894 942
894 1138
894 1160
895 923
895 948
895 1071
895 1170
895 1283
896 1058
896 1114
896 1144
896 1257
896 1436
897 1038
897 1100
897 1427
897 1477
897 1498
898 997
898 1103
898 1127
898 1195
898 1442
898 1523
899 1024
899 1330
899 1342
899 1356
900 968
900 969
900 1335
900 1429
901 1053
901 1160
901 1256
902 920
902 1284
902 1507
902 1520
903 984
903 1188
903 1455
904 1049
904 1069
904 1214
904 1215
904 1401
904 1507
905 1470
906 1033
906 1129
906 1184
906 1235
906 1293
906 1453
907 925
907 1051
907 1198
907 1239
908 1023
908 1296
909 977
909 1322
909 1363
910 916
910 1183
910 1481
910 1513
911 924
911 1053
911 1162
911 1404
912 1301
914 990
914 994
914 1369
915 1333
915 1442
916 1013
916 1131
917 958
917 1212
917 1330
919 963
919 1154
919 1171
919 1177
919 1252
919 1328
920 1008
920 1069
921 1141
921 1344
922 1267
923 1093
923 1327
923 1352
923 1373
923 1429
924 982
924 1132
925 1264
925 1365
925 1388
926 1145
926 1459
926 1520
927 1264
927 1299
927 1306
927 1333
928 1109
928 1313
929 1121
929 1324
930 1345
930 1379
931 950
931 963
931 982
931 1082
931 1231
931 1278
931 1462
932 940
932 1116
932 1385
933 1016
933 1063
933 1072
933 1187
933 1343
933 1385
933 1425
933 1459
934 954
934 1132
934 1163
934 1233
934 1318
935 1189
936 1132
937 1033
937 1068
937 1110
938 951
938 1015
938 1058
938 1144
938 1164
938 1227
938 1413
939 940
939 1145
939 1346
939 1394
939 1504
940 1158
940 1362
941 1092
941 1095
941 1257
942 1028
942 1065
942 1105
942 1450
943 1025
943 1272
943 1309
943 1368
943 1400
943 1431
944 1146
944 1227
944 1484
945 1149
945 1328
946 1128
947 1473
948 1045
948 1212
949 998
949 1185
949 1296
949 1303
949 1450
950 1199
950 1373
951 1029
951 1122
951 1214
951 1232
951 1237
951 1314
951 1475
952 956
952 1250
952 1276
952 1304
952 1514
953 1028
953 1044
953 1143
953 1215
954 1181
955 1197
955 1204
955 1225
955 1284
955 1390
956 1001
956 1062
956 1217
956 1374
957 1090
957 1105
957 1181
958 1088
958 1187
958 1384
958 1498
959 1413
959 1436
960 978
960 1018
960 1463
960 1520
961 1091
961 1300
961 1464
962 1305
962 1468
963 1078
963 1196
965 1086
965 1117
965 1407
966 1145
966 1279
966 1407
966 1451
967 1056
967 1154
967 1481
968 977
968 1042
968 1117
968 1229
968 1244
968 1326
969 1096
969 1280
969 1432
969 1442
969 1443
970 1122
970 1334
970 1399
971 1038
972 1008
972 1160
974 986
974 1048
974 1140
974 1211
975 992
975 1158
975 1165
975 1229
975 1244
976 1119
976 1156
976 1252
977 1101
977 1317
977 1338
977 1485
978 1178
978 1357
978 1359
978 1405
978 1492
979 1183
979 1233
979 1328
979 1460
980 992
980 1355
981 1162
981 1217
981 1299
981 1388
981 1461
981 1497
982 1183
982 1396
983 1174
983 1212
983 1515
984 1008
984 1051
984 1068
984 1130
984 1483
986 1256
987 1178
987 1520
988 1228
988 1261
989 1153
990 1118
990 1319
990 1348
990 1419
991 1048
991 1258
991 1394
991 1521
992 1034
992 1063
992 1264
992 1352
992 1386
993 1486
994 1035
994 1416
994 1455
995 1145
995 1436
996 1157
996 1507
996 1523
997 1038
997 1052
997 1246
997 1449
999 1003
999 1216
1000 1146
1000 1198
1000 1248
1000 1359
1001 1110
1001 1407
1001 1425
1002 1007
1002 1115
1002 1256
1002 1467
1002 1495
1003 1021
1004 1057
1004 1190
1004 1199
1005 1085
1005 1156
1005 1203
1006 1111
1006 1348
1006 1441
1006 1484
1007 1138
1007 1333
1008 1218
1008 1460
1009 1067
1009 1446
1010 1172
1010 1235
1011 1024
1011 1100
1011 1211
1011 1426
1011 1474
1011 1511
1012 1164
1013 1269
1014 1075
1014 1090
1014 1442
1015 1221
1016 1164
1016 1286
1017 1282
1017 1460
1018 1218
1018 1482
1019 1317
1019 1397
1019 1450
1020 1165
1020 1388
1021 1495
1022 1209
1023 1342
1023 1489
1024 1037
1024 1117
1024 1372
1025 1247
1025 1274
1026 1074
1026 1195
1027 1149
1027 1201
1028 1077
1028 1268
1029 1052
1029 1090
1029 1195
1030 1474
1031 1439
1031 1521
1032 1097
1032 1199
1032 1288
1033 1177
1033 1398
1034 1102
1034 1143
1034 1242
1034 1434
1035 1399
1036 1157
1036 1267
1036 1343
1036 1368
1036 1410
1036 1460
1038 1125
1038 1205
1038 1471
1039 1041
1039 1232
1040 1273
1040 1320
1040 1445
1041 1073
1042 1141
1042 1351
1043 1099
1043 1107
1043 1151
1043 1406
1044 1125
1044 1197
1044 1224
1044 1260
1044 1348
1045 1156
1045 1214
1047 1221
1047 1459
1047 1503
1048 1109
1048 1114
1048 1115
1048 1187
1048 1213
1048 1220
1048 1348
1048 1405
1049 1424
1049 1513
1050 1178
1050 1247
1051 1332
1052 1245
1052 1247
1052 1258
1052 1269
1052 1491
1053 1083
1053 1117
1053 1189
1054 1166
1055 1213
1056 1058
1056 1067
1057 1237
1057 1279
1057 1506
1058 1303
1058 1396
1058 1488
1059 1120
1059 1121
1059 1269
1059 1280
1059 1289
1059 1406
1060 1128
1060 1156
1060 1261
1060 1388
1060 1393
1061 1285
1062 1259
1062 1278
1063 1208
1063 1410
1065 1178
1066 1112
1066 1173
1066 1201
1066 1219
1066 1293
1066 1522
1069 1168
1069 1381
1069 1464
1069 1512
1070 1437
1070 1495
1071 1154
1071 1289
1071 1478
1071 1515
1072 1136
1072 1191
1073 1256
1073 1428
1074 1091
1074 1221
1074 1348
1075 1134
1075 1312
1075 1475
1075 1494
1076 1077
1076 1145
1076 1219
1076 1386
1076 1397
1076 1432
1076 1441
1077 1127
1077 1135
1077 1190
1077 1500
1078 1154
1078 1353
1078 1421
1078 1449
1079 1329
1079 1482
1080 1405
1080 1462
1080 1483
1081 1154
1081 1174
1082 1136
1082 1145
1083 1141
1083 1168
1083 1328
1084 1163
1084 1171
1085 1228
1086 1299
1086 1390
1087 1476
1088 1323
1088 1425
1089 1251
1089 1465
1089 1507
1089 1514
1090 1300
1090 1511
1091 1158
1091 1178
1091 1305
1091 1370
1091 1444
1092 1328
1092 1372
1092 1465
1093 1303
1094 1468
1095 1180
1095 1322
1096 1117
1096 1212
1096 1507
1097 1208
1099 1342
1099 1472
1099 1476
1100 1512
1101 1270
1101 1291
1102 1179
1102 1259
1103 1306
1103 1320
1104 1243
1104 1495
1105 1275
1106 1285
1107 1172
1107 1218
1107 1298
1107 1406
1108 1477
1109 1269
1110 1210
1110 1261
1110 1348
1111 1154
1111 1209
1111 1266
1111 1491
1112 1167
1112 1217
1113 1237
1113 1410
1114 1131
1114 1220
1114 1299
1114 1361
1115 1154
1117 1158
1117 1332
1117 1352
1117 1492
1118 1200
1118 1232
1118 1392
1119 1199
1119 1315
1120 1132
1120 1136
1120 1172
1120 1249
1120 1415
1121 1138
1121 1171
1121 1183
1121 1209
1121 1277
1121 1372
1121 1432
1122 1202
1122 1317
1123 1124
1123 1232
1124 1139
1124 1195
1124 1489
1125 1235
1125 1432
1125 1500
1126 1221
1126 1261
1126 1460
1127 1461
1127 1491
1129 1267
1129 1300
1129 1359
1131 1375
1131 1402
1132 1170
1132 1265
1132 1491
1132 1515
1133 1416
1134 1448
1135 1224
1135 1343
1135 1384
1135 1466
1135 1498
1136 1151
1136 1185
1136 1246
1136 1409
1137 1138
1137 1263
1138 1487
1139 1156
1139 1182
1139 1257
1139 1516
1140 1249
1140 1492
1141 1150
1141 1300
1142 1514
1143 1198
1143 1288
1143 1497
1144 1440
1145 1197
1145 1239
1145 1351
1147 1308
1147 1315
1148 1417
1148 1516
1149 1215
1149 1285
1151 1300
1151 1320
1151 1324
1151 1415
1152 1394
1153 1182
1153 1342
1153 1462
1154 1199
1154 1518
1155 1166
1155 1212
1155 1416
1156 1215
1156 1286
1156 1361
1156 1380
1156 1446
1157 1266
1157 1495
1158 1302
1158 1364
1160 1165
1160 1403
1160 1445
1162 1385
1162 1492
1163 1323
1164 1404
1164 1444
1165 1180
1165 1419
1166 1337
1167 1427
1169 1206
1169 1253
1171 1189
1171 1252
1172 1197
1172 1281
1172 1447
1174 1246
1174 1269
1174 1412
1174 1478
1175 1491
1177 1493
1177 1510
1178 1233
1178 1276
1179 1388
1179 1473
1180 1283
1180 1457
1180 1512
1181 1183
1181 1248
1181 1275
1181 1514
1182 1245
1182 1403
1183 1240
1184 1258
1184 1328
1187 1488
1188 1371
1189 1384
1189 1400
1189 1413
1190 1416
1190 1484
1191 1332
1192 1376
1193 1206
1194 1207
1195 1396
1195 1457
1196 1308
1196 1404
1196 1455
1197 1202
1197 1473
1199 1203
1199 1391
1200 1478
1202 1231
1202 1368
1202 1372
1203 1229
1203 1284
1203 1310
1204 1330
1207 1224
1207 1409
1208 1249
1209 1449
1210 1224
1212 1475
1213 1292
1213 1376
1214 1320
1214 1351
1214 1374
1218 1511
1219 1224
1219 1320
1221 1278
1221 1366
1221 1404
1222 1382
1222 1480
1223 1285
1223 1392
1223 1462
1224 1231
1226 1511
1227 1251
1227 1418
1228 1348
1228 1420
1228 1502
1230 1428
1232 1303
1232 1359
1232 1363
1232 1375
1235 1282
1236 1300
1236 1333
1236 1374
1236 1476
1237 1257
1237 1328
1237 1385
1237 1417
1238 1270
1238 1466
1239 1246
1239 1384
1239 1396
1240 1300
1241 1407
1242 1303
1243 1411
1244 1442
1245 1272
1246 1404
1248 1309
1248 1423
1248 1492
1248 1524
1249 1325
1249 1405
1250 1487
1250 1518
1251 1259
1251 1291
1251 1480
1252 1269
1252 1337
1252 1362
1253 1432
1253 1473
1254 1293
1254 1501
1254 1512
1256 1484
1257 1274
1257 1496
1258 1367
1259 1309
1259 1516
1260 1273
1260 1389
1261 1355
1262 1474
1263 1521
1264 1296
1265 1340
1265 1434
1267 1306
1267 1365
1267 1475
1267 1503
1268 1326
1268 1404
1269 1408
1270 1345
1271 1315
1271 1419
1271 1453
1271 1505
1272 1432
1274 1512
1275 1316
1275 1422
1277 1414
1279 1399
1280 1369
1280 1496
1282 1341
1283 1293
1283 1444
1283 1457
1284 1480
1285 1303
1287 1479
1288 1376
1288 1459
1288 1509
1290 1382
1291 1417
1291 1507
1291 1515
1292 1505
1293 1516
1294 1407
1294 1442
1294 1491
1295 1334
1296 1332
1296 1465
1298 1326
1299 1458
1300 1449
1301 1343
1301 1457
1302 1398
1303 1482
1304 1482
1305 1384
1305 1485
1306 1433
1308 1356
1308 1372
1309 1414
1309 1469
1311 1451
1312 1318
1314 1409
1315 1335
1319 1333
1319 1497
1320 1375
1320 1517
1322 1394
1324 1377
1325 1466
1326 1377
1327 1340
1328 1363
1328 1494
1330 1474
1331 1351
1332 1457
1334 1476
1335 1404
1336 1394
1338 1355
1339 1441
1340 1441
1340 1522
1342 1404
1343 1377
1344 1460
1346 1347
1346 1373
1346 1385
1346 1452
1347 1382
1347 1478
1348 1388
1350 1393
1352 1422
1357 1401
1358 1466
1361 1496
1362 1412
1364 1497
1366 1503
1369 1394
1369 1460
1369 1511
1370 1519
1371 1453
1371 1518
1373 1404
1374 1411
1374 1508
1375 1485
1377 1421
1377 1489
1379 1491
1379 1521
1381 1483
1382 1439
1382 1510
1385 1436
1386 1422
1386 1474
1388 1434
1390 1418
1393 1433
1393 1488
1394 1524
1395 1486
1396 1407
1396 1430
1397 1403
1399 1429
1400 1452
1402 1461
1404 1465
1404 1514
1410 1435
1410 1460
1412 1459
1413 1501
1414 1499
1415 1435
1418 1479
1422 1507
1423 1431
1426 1445
1426 1516
1427 1471
1430 1438
1433 1463
1438 1461
1438 1481
1439 1442
1440 1457
1442 1520
1443 1521
1446 1477
1448 1488
1449 1462
1449 1499
1450 1459
1452 1453
1454 1485
1456 1457
1472 1523
1473 1505
1479 1488
1480 1497
1490 1513
1496 1498
1496 1512
1518 1519
