506 5 0.00199976450942 6.00035750428 6.0 3.2360679775
507 6 0.00199976154425 6.00035817799 6.0 3.44948974278
508 7 0.00199975805851 6.00035892953 6.0 3.64575131106
509 8 0.00199975392178 6.00035977321 6.0 3.82842712475
510 9 0.00199974895992 6.00036072707 6.0 4.0
511 10 0.00199974293625 6.00036181421 6.0 4.16227766017
512 11 0.00199973552243 6.00036306467 6.0 4.31662479036
513 12 0.00199972625228 6.00036451823 6.0 4.46410161514
514 13 0.00199971444593 6.00036622874 6.0 4.60555127546
515 14 0.00199969908035 6.00036827096 6.0 4.74165738677
516 15 0.00199967855819 6.0003707517 6.0 4.87298334621
517 16 0.00199965027213 6.00037382922 6.0 5.0
518 17 0.00199960972866 6.00037774829 6.0 5.12310562562
519 18 0.00199954863754 6.00038290874 6.0 5.24264068712
520 19 0.00199945029574 6.00039001131 6.0 5.35889894354
521 20 0.00199927681318 6.00040040632 6.0 5.472135955
522 21 0.00199892640141 6.00041707322 6.0 5.58257569496
523 22 0.00199804330915 6.00044813683 6.0 5.69041575982
524 23 0.00199463232133 6.0005263869 6.0 5.79583152331
525 24 0.00200058933603 6.00108867383 6.0 5.89897948557
526 25 0.175189980483 6.06922345464 6.0 6.0
527 26 0.177451490931 6.16715060981 6.0 6.09901951359
528 27 0.178419527413 6.26338117623 6.0 6.19615242271
529 28 0.179243442859 6.35789297977 6.0 6.29150262213
530 29 0.180015938772 6.45075989539 6.0 6.38516480713
531 30 0.180756997903 6.54206077903 6.0 6.47722557505
532 31 0.18147327388 6.63187080422 6.0 6.56776436283
533 32 0.182167743853 6.72026012743 6.0 6.65685424949
534 33 0.182842099541 6.80729389923 6.0 6.74456264654
535 34 0.183497504123 6.89303258967 6.0 6.83095189485
536 35 0.184134873706 6.97753237842 6.0 6.9160797831
537 36 0.184754994463 7.06084553746 6.0 7.0
538 37 0.185358575567 7.14302078529 6.0 7.0827625303
539 38 0.185946274675 7.22410360743 6.0 7.16441400297
540 39 0.186518710853 7.30413654405 6.0 7.2449979984
541 40 0.187076471491 7.38315944737 6.0 7.32455532034
542 41 0.187620116223 7.46120971174 6.0 7.40312423743
543 42 0.188150179329 7.5383224797 6.0 7.48074069841
544 43 0.188667171361 7.61453082661 6.0 7.5574385243
545 44 0.189171580358 7.6898659266 6.0 7.63324958071
546 45 0.18966387287 7.76435720177 6.0 7.7082039325
547 46 0.190144494866 7.83803245691 6.0 7.78232998313
548 47 0.190613872588 7.91091800117 6.0 7.8556546004
549 48 0.191072413384 7.98303875822 6.0 7.92820323028
550 49 0.191520506509 8.05441836633 6.0 8.0
551 50 0.191958523919 8.12507926924 6.0 8.07106781187
552 51 0.192386821041 8.19504279904 6.0 8.14142842854
553 52 0.19280573753 8.26432925175 6.0 8.21110255093
554 53 0.193215598002 8.33295795647 6.0 8.28010988928
555 54 0.193616712742 8.40094733868 6.0 8.34846922835
556 55 0.194009378392 8.46831497831 6.0 8.4161984871
557 56 0.194393878609 8.53507766314 6.0 8.48331477355
558 57 0.194770484701 8.6012514379 6.0 8.54983443527
559 58 0.195139456229 8.66685164952 6.0 8.61577310586
560 59 0.195501041588 8.73189298895 6.0 8.68114574787
561 60 0.195855478557 8.79638952976 6.0 8.74596669241
562 61 0.196202994825 8.8603547639 6.0 8.81024967591
563 62 0.196543808492 8.92380163481 6.0 8.87400787401
564 63 0.19687812854 8.98674256818 6.0 8.93725393319
565 64 0.197206155284 9.04918950048 6.0 9.0
566 65 0.197528080799 9.11115390556 6.0 9.0622577483
567 66 0.197844089326 9.17264681938 6.0 9.12403840464
568 67 0.198154357651 9.23367886303 6.0 9.18535277187
569 68 0.198459055469 9.29426026431 6.0 9.24621125124
570 69 0.198758345729 9.35440087782 6.0 9.30662386292
571 70 0.199052384959 9.41411020375 6.0 9.36660026534
572 71 0.199341323569 9.47339740548 6.0 9.42614977318
573 72 0.199625306148 9.53227132611 6.0 9.48528137424
574 73 0.199904471736 9.59074050389 6.0 9.54400374532
575 74 0.200178954085 9.64881318676 6.0 9.60232526704
576 75 0.200448881906 9.70649734599 6.0 9.66025403784
577 76 0.200714379104 9.76380068902 6.0 9.71779788708
578 77 0.200975564997 9.82073067152 6.0 9.77496438739
579 78 0.201232554527 9.87729450877 6.0 9.83176086633
580 79 0.201485458457 9.93349918637 6.0 9.88819441732
581 80 0.201734383562 9.98935147038 6.0 9.94427191
582 81 0.201979432804 10.0448579168 6.0 10.0
583 82 0.202220705504 10.1000248808 6.0 10.0553851381
584 83 0.202458297498 10.1548585248 6.0 10.1104335791
585 84 0.202692301294 10.2093648271 6.0 10.1651513899
586 85 0.202922806214 10.2635495892 6.0 10.2195444573
587 86 0.203149898529 10.3174184428 6.0 10.2736184955
588 87 0.203373661593 10.3709768574 6.0 10.3273790531
589 88 0.203594175964 10.4242301459 6.0 10.3808315196
590 89 0.203811519521 10.4771834716 6.0 10.4339811321
591 90 0.204025767576 10.5298418534 6.0 10.4868329805
592 91 0.204236992983 10.5822101718 6.0 10.5393920142
593 92 0.204445266234 10.634293174 6.0 10.5916630466
594 93 0.204650655558 10.686095479 6.0 10.643650761
595 94 0.204853227012 10.7376215825 6.0 10.6953597148
596 95 0.205053044566 10.7888758612 6.0 10.7467943448
597 96 0.205250170189 10.8398625775 6.0 10.7979589711
598 97 0.205444663927 10.8905858832 6.0 10.8488578018
599 98 0.205636583976 10.9410498241 6.0 10.8994949366
600 99 0.205825986757 10.9912583431 6.0 10.9498743711
601 100 0.20601292698 11.0412152843 6.0 11.0
602 101 0.206197457715 11.0909243961 6.0 11.0498756211
603 102 0.20637963045 11.1403893349 6.0 11.0995049384
604 103 0.206559495152 11.1896136676 6.0 11.1488915651
605 104 0.206737100324 11.2386008756 6.0 11.1980390272
606 105 0.206912493057 11.2873543565 6.0 11.246950766
607 106 0.207085719086 11.3358774279 6.0 11.295630141
608 107 0.207256822836 11.3841733294 6.0 11.3440804328
609 108 0.207425847471 11.4322452253 6.0 11.3923048454
610 109 0.20759283494 11.4800962071 6.0 11.4403065089
611 110 0.207757826016 11.527729296 6.0 11.4880884817
612 111 0.207920860346 11.5751474445 6.0 11.5356537529
613 112 0.208081976482 11.6223535394 6.0 11.5830052443
614 113 0.208241211924 11.669350403 6.0 11.6301458127
615 114 0.208398603154 11.7161407959 6.0 11.677078252
616 115 0.208554185675 11.7627274182 6.0 11.7238052948
617 116 0.208707994041 11.8091129118 6.0 11.7703296143
618 117 0.208860061887 11.8552998617 6.0 11.8166538264
619 118 0.209010421966 11.9012907983 6.0 11.8627804912
620 119 0.209159106174 11.9470881984 6.0 11.9087121146
621 120 0.209306145581 11.9926944872 6.0 11.9544511501
622 121 0.209451570456 12.0381120396 6.0 12.0
623 122 0.209595410294 12.0833431816 6.0 12.0453610172
624 123 0.209737693842 12.128390192 6.0 12.0905365064
625 124 0.209878449122 12.1732553032 6.0 12.1355287257
626 125 0.210017703456 12.2179407031 6.0 12.1803398875
627 126 0.210155483485 12.262448536 6.0 12.2249721603
628 127 0.210291815194 12.3067809037 6.0 12.2694276696
629 128 0.210426723932 12.350939867 6.0 12.313708499
630 129 0.210560234428 12.3949274466 6.0 12.3578166916
631 130 0.210692370817 12.4387456244 6.0 12.401754251
632 131 0.210823156651 12.482396344 6.0 12.4455231423
633 132 0.210952614924 12.5258815124 6.0 12.4891252931
634 133 0.211080768081 12.5692030006 6.0 12.5325625947
635 134 0.211207638043 12.6123626446 6.0 12.5758369028
636 135 0.211333246217 12.6553622462 6.0 12.6189500386
637 136 0.211457613511 12.6982035741 6.0 12.6619037897
638 137 0.211580760354 12.7408883647 6.0 12.7046999107
639 138 0.211702706705 12.7834183226 6.0 12.7473401245
640 139 0.211823472067 12.8257951221 6.0 12.7898261226
641 140 0.211943075505 12.8680204071 6.0 12.8321595662
642 141 0.212061535654 12.9100957925 6.0 12.874342087
643 142 0.21217887073 12.9520228647 6.0 12.9163752878
644 143 0.21229509855 12.9938031823 6.0 12.9582607431
645 144 0.212410236534 13.0354382766 6.0 13.0
646 145 0.21252430172 13.0769296527 6.0 13.0415945788
647 146 0.212637310777 13.1182787897 6.0 13.0830459736
648 147 0.212749280012 13.1594871416 6.0 13.124355653
649 148 0.212860225382 13.2005561377 6.0 13.1655250606
650 149 0.2129701625 13.2414871832 6.0 13.2065556157
651 150 0.213079106649 13.28228166 6.0 13.2474487139
652 151 0.213187072791 13.322940927 6.0 13.2882057274
653 152 0.213294075569 13.3634663206 6.0 13.3288280059
654 153 0.213400129325 13.4038591555 6.0 13.3693168769
655 154 0.213505248101 13.4441207249 6.0 13.409673646
656 155 0.213609445648 13.4842523011 6.0 13.449899598
657 156 0.213712735437 13.524255136 6.0 13.4899959968
658 157 0.213815130664 13.5641304614 6.0 13.5299640861
659 158 0.213916644257 13.6038794899 6.0 13.56980509
660 159 0.214017288884 13.6435034146 6.0 13.6095202129
661 160 0.214117076957 13.6830034103 6.0 13.6491106407
662 161 0.214216020643 13.722380633 6.0 13.6885775404
663 162 0.214314131867 13.7616362215 6.0 13.7279220614
664 163 0.214411422319 13.8007712965 6.0 13.7671453348
665 164 0.21450790346 13.8397869619 6.0 13.8062484749
666 165 0.214603586528 13.8786843049 6.0 13.8452325787
667 166 0.214698482542 13.917464396 6.0 13.8840987267
668 167 0.21479260231 13.9561282899 6.0 13.9228479833
669 168 0.214885956431 13.9946770254 6.0 13.9614813968
670 169 0.214978555305 14.0331116262 6.0 14.0
671 170 0.215070409133 14.0714331005 6.0 14.0384048104
672 171 0.215161527922 14.1096424422 6.0 14.0766968306
673 172 0.215251921495 14.1477406302 6.0 14.1148770486
674 173 0.215341599489 14.1857286297 6.0 14.152946438
675 174 0.215430571362 14.2236073918 6.0 14.1909059583
676 175 0.2155188464 14.2613778539 6.0 14.2287565553
677 176 0.215606433717 14.2990409403 6.0 14.2664991614
678 177 0.215693342259 14.3365975621 6.0 14.3041346957
679 178 0.215779580811 14.3740486175 6.0 14.3416640641
680 179 0.215865158001 14.4113949922 6.0 14.3790881603
681 180 0.215950082298 14.4486375596 6.0 14.416407865
682 181 0.216034362022 14.4857771811 6.0 14.4536240471
683 182 0.216118005344 14.5228147061 6.0 14.4907375632
684 183 0.216201020292 14.5597509724 6.0 14.5277492585
685 184 0.21628341475 14.5965868065 6.0 14.5646599663
686 185 0.216365196465 14.6333230237 6.0 14.6014705087
687 186 0.216446373049 14.6699604281 6.0 14.638181697
688 187 0.216526951982 14.7064998133 6.0 14.6747943312
689 188 0.216606940615 14.7429419623 6.0 14.7113092008
690 189 0.216686346171 14.7792876475 6.0 14.7477270849
691 190 0.216765175751 14.8155376315 6.0 14.7840487521
692 191 0.216843436336 14.8516926666 6.0 14.8202749611
693 192 0.216921134787 14.8877534953 6.0 14.8564064606
694 193 0.216998277849 14.9237208507 6.0 14.8924439894
695 194 0.217074872157 14.9595954561 6.0 14.9283882772
696 195 0.217150924231 14.9953780259 6.0 14.9642400438
697 196 0.217226440487 15.0310692651 6.0 15.0
698 197 0.217301427231 15.0666698698 6.0 15.0356688476
699 198 0.217375890667 15.1021805274 6.0 15.0712472795
700 199 0.217449836899 15.1376019164 6.0 15.1067359797
701 200 0.217523271928 15.1729347072 6.0 15.1421356237
702 201 0.217596201662 15.2081795614 6.0 15.1774468788
703 202 0.217668631908 15.2433371328 6.0 15.2126704036
704 203 0.217740568386 15.2784080669 6.0 15.2478068488
705 204 0.217812016719 15.3133930014 6.0 15.2828568571
706 205 0.217882982443 15.3482925662 6.0 15.3178210633
707 206 0.217953471007 15.3831073833 6.0 15.3527000944
708 207 0.218023487772 15.4178380676 6.0 15.3874945699
709 208 0.218093038017 15.4524852262 6.0 15.4222051019
710 209 0.218162126935 15.4870494593 6.0 15.4568322948
711 210 0.218230759642 15.5215313597 6.0 15.4913767462
712 211 0.218298941173 15.5559315131 6.0 15.5258390463
713 212 0.218366676484 15.5902504986 6.0 15.5602197786
714 213 0.218433970456 15.6244888882 6.0 15.5945195193
715 214 0.218500827898 15.6586472473 6.0 15.6287388383
716 215 0.21856725354 15.6927261348 6.0 15.6628782986
717 216 0.218633252046 15.7267261031 6.0 15.6969384567
718 217 0.218698828005 15.7606476981 6.0 15.7309198627
719 218 0.218763985941 15.7944914595 6.0 15.7648230602
720 219 0.218828730307 15.8282579209 6.0 15.7986485869
721 220 0.218893065492 15.8619476097 6.0 15.8323969742
722 221 0.218956995818 15.8955610476 6.0 15.8660687473
723 222 0.219020525544 15.92909875 6.0 15.8996644258
724 223 0.219083658867 15.9625612269 6.0 15.9331845231
725 224 0.219146399921 15.9959489824 6.0 15.9666295471
726 225 0.219208752782 16.029262515 6.0 16.0
727 226 0.219270721464 16.0625023178 6.0 16.0332963784
728 227 0.219332309924 16.0956688783 6.0 16.0665191733
729 228 0.219393522063 16.1287626787 6.0 16.0996688705
730 229 0.219454361725 16.1617841961 6.0 16.1327459504
731 230 0.219514832699 16.1947339021 6.0 16.1657508881
732 231 0.219574938721 16.2276122635 6.0 16.1986841536
733 232 0.219634683472 16.2604197418 6.0 16.2315462117
734 233 0.219694070584 16.2931567937 6.0 16.2643375225
735 234 0.219753103636 16.3258238711 6.0 16.2970585408
736 235 0.219811786157 16.3584214208 6.0 16.3297097168
737 236 0.219870121627 16.3909498852 6.0 16.3622914957
738 237 0.219928113477 16.4234097017 6.0 16.3948043183
739 238 0.219985765093 16.4558013033 6.0 16.4272486205
740 239 0.22004307981 16.4881251185 6.0 16.4596248337
741 240 0.220100060923 16.5203815712 6.0 16.4919333848
742 241 0.220156711676 16.552571081 6.0 16.5241746963
743 242 0.220213035273 16.5846940631 6.0 16.5563491861
744 243 0.220269034872 16.6167509284 6.0 16.5884572681
745 244 0.220324713591 16.6487420837 6.0 16.6204993518
746 245 0.220380074503 16.6806679315 6.0 16.6524758425
747 246 0.220435120641 16.7125288704 6.0 16.6843871414
748 247 0.220489855 16.7443252947 6.0 16.7162336455
749 248 0.22054428053 16.7760575949 6.0 16.748015748
750 249 0.220598400147 16.8077261576 6.0 16.7797338381
751 250 0.220652216725 16.8393313654 6.0 16.8113883008
752 251 0.220705733102 16.8708735973 6.0 16.8429795178
753 252 0.220758952079 16.9023532282 6.0 16.8745078664
754 253 0.220811876418 16.9337706296 6.0 16.9059737206
755 254 0.220864508848 16.9651261691 6.0 16.9373774505
756 255 0.220916852061 16.996420211 6.0 16.9687194227
757 256 0.220968908715 17.0276531158 6.0 17.0
758 257 0.221020681433 17.0588252404 6.0 17.0312195419
759 258 0.221072172805 17.0899369386 6.0 17.0623784042
760 259 0.221123385388 17.1209885604 6.0 17.0934769394
761 260 0.221174321706 17.1519804527 6.0 17.1245154966
762 261 0.221224984252 17.182912959 6.0 17.1554944214
763 262 0.221275375486 17.2137864194 6.0 17.1864140562
764 263 0.221325497839 17.2446011709 6.0 17.2172747402
765 264 0.221375353708 17.2753575472 6.0 17.2480768093
766 265 0.221424945465 17.306055879 6.0 17.2788205961
767 266 0.221474275449 17.3366964938 6.0 17.3095064303
768 267 0.221523345971 17.367279716 6.0 17.3401346384
769 268 0.221572159312 17.397805867 6.0 17.3707055437
770 269 0.221620717729 17.4282752653 6.0 17.4012194669
771 270 0.221669023446 17.4586882262 6.0 17.4316767252
772 271 0.221717078663 17.4890450624 6.0 17.4620776332
773 272 0.221764885553 17.5193460835 6.0 17.4924225025
774 273 0.221812446263 17.5495915964 6.0 17.5227116419
775 274 0.221859762911 17.5797819051 6.0 17.5529453572
776 275 0.221906837594 17.6099173109 6.0 17.5831239518
777 276 0.22195367238 17.6399981123 6.0 17.6132477258
778 277 0.222000269314 17.6700246051 6.0 17.6433169771
779 278 0.222046630416 17.6999970827 6.0 17.6733320005
780 279 0.222092757683 17.7299158354 6.0 17.7032930885
781 280 0.222138653087 17.7597811512 6.0 17.7332005307
782 281 0.222184318578 17.7895933156 6.0 17.7630546142
783 282 0.222229756082 17.8193526115 6.0 17.7928556237
784 283 0.222274967502 17.8490593191 6.0 17.8226038413
785 284 0.222319954721 17.8787137163 6.0 17.8522995464
786 285 0.222364719597 17.9083160787 6.0 17.8819430161
787 286 0.222409263969 17.9378666792 6.0 17.9115345253
788 287 0.222453589654 17.9673657886 6.0 17.9410743461
789 288 0.222497698446 17.9968136751 6.0 17.9705627485
790 289 0.222541592122 18.0262106047 6.0 18.0
791 290 0.222585272437 18.0555568411 6.0 18.0293863659
792 291 0.222628741124 18.0848526457 6.0 18.0587221092
793 292 0.222671999898 18.1140982778 6.0 18.0880074906
794 293 0.222715050456 18.1432939943 6.0 18.1172427686
795 294 0.222757894474 18.17244005 6.0 18.1464281995
796 295 0.222800533609 18.2015366975 6.0 18.1755640373
797 296 0.222842969499 18.2305841873 6.0 18.2046505341
798 297 0.222885203766 18.2595827677 6.0 18.2336879396
799 298 0.222927238011 18.2885326852 6.0 18.2626765016
800 299 0.22296907382 18.3174341839 6.0 18.2916164658
801 300 0.223010712758 18.346287506 6.0 18.3205080757
802 301 0.223052156377 18.3750928917 6.0 18.3493515729
803 302 0.223093406207 18.4038505792 6.0 18.378147197
804 303 0.223134463766 18.4325608048 6.0 18.4068951855
805 304 0.223175330552 18.4612238026 6.0 18.4355957742
806 305 0.223216008047 18.4898398052 6.0 18.4642491966
807 306 0.223256497719 18.5184090429 6.0 18.4928556845
808 307 0.223296801018 18.5469317443 6.0 18.5214154679
809 308 0.223336919378 18.5754081363 6.0 18.5499287748
810 309 0.223376854221 18.6038384435 6.0 18.5783958312
811 310 0.223416606949 18.6322228893 6.0 18.6068168617
812 311 0.223456178952 18.6605616947 6.0 18.6351920885
813 312 0.223495571604 18.6888550794 6.0 18.6635217327
814 313 0.223534786265 18.7171032611 6.0 18.691806013
815 314 0.223573824281 18.7453064559 6.0 18.7200451467
816 315 0.223612686982 18.7734648779 6.0 18.7482393493
817 316 0.223651375685 18.8015787399 6.0 18.7763888346
818 317 0.223689891693 18.8296482528 6.0 18.8044938148
819 318 0.223728236297 18.8576736258 6.0 18.8325545001
820 319 0.223766410772 18.8856550666 6.0 18.8605710995
821 320 0.22380441638 18.9135927812 6.0 18.88854382
822 321 0.223842254371 18.941486974 6.0 18.9164728672
823 322 0.223879925982 18.9693378478 6.0 18.9443584449
824 323 0.223917432436 18.9971456039 6.0 18.9722007556
825 324 0.223954774945 19.0249104419 6.0 19.0
826 325 0.223991954708 19.05263256 6.0 19.0277563773
827 326 0.224028972911 19.0803121549 6.0 19.0554700853
828 327 0.224065830728 19.1079494217 6.0 19.08314132
829 328 0.224102529322 19.1355445539 6.0 19.1107702763
830 329 0.224139069843 19.1630977439 6.0 19.1383571472
831 330 0.224175453431 19.1906091823 6.0 19.1659021246
832 331 0.224211681212 19.2180790583 6.0 19.1934053987
833 332 0.224247754304 19.2455075598 6.0 19.2208671583
834 333 0.22428367381 19.2728948733 6.0 19.2482875909
835 334 0.224319440826 19.3002411838 6.0 19.2756668825
836 335 0.224355056432 19.327546675 6.0 19.3030052177
837 336 0.224390521703 19.3548115291 6.0 19.3303027798
838 337 0.2244258377 19.3820359271 6.0 19.3575597507
839 338 0.224461005472 19.4092200485 6.0 19.3847763109
840 339 0.224496026062 19.4363640718 6.0 19.4119526395
841 340 0.2245309005 19.4634681737 6.0 19.4390889146
842 341 0.224565629806 19.49053253 6.0 19.4661853126
843 342 0.22460021499 19.5175573151 6.0 19.4932420089
844 343 0.224634657053 19.544542702 6.0 19.5202591775
845 344 0.224668956985 19.5714888627 6.0 19.547236991
846 345 0.224703115768 19.5983959677 6.0 19.574175621
847 346 0.224737134374 19.6252641863 6.0 19.6010752377
848 347 0.224771013764 19.6520936868 6.0 19.6279360102
849 348 0.224804754893 19.6788846361 6.0 19.6547581062
850 349 0.224838358703 19.7056371999 6.0 19.6815416923
851 350 0.22487182613 19.7323515428 6.0 19.7082869339
852 351 0.224905158099 19.7590278282 6.0 19.7349939952
853 352 0.224938355528 19.7856662182 6.0 19.7616630393
854 353 0.224971419325 19.8122668741 6.0 19.7882942281
855 354 0.225004350391 19.8388299556 6.0 19.8148877222
856 355 0.225037149616 19.8653556217 6.0 19.8414436814
857 356 0.225069817883 19.89184403 6.0 19.8679622641
858 357 0.225102356068 19.918295337 6.0 19.8944436277
859 358 0.225134765036 19.9447096984 6.0 19.9208879284
860 359 0.225167045646 19.9710872686 6.0 19.9472953215
861 360 0.225199198749 19.9974282007 6.0 19.973665961
862 361 0.225231225187 20.0237326472 6.0 20.0
863 362 0.225263125795 20.0500007593 6.0 20.0262975904
864 363 0.2252949014 20.0762326872 6.0 20.0525588833
865 364 0.225326552822 20.1024285799 6.0 20.0787840283
866 365 0.225358080871 20.1285885857 6.0 20.1049731745
867 366 0.225389486353 20.1547128516 6.0 20.1311264697
868 367 0.225420770066 20.1808015237 6.0 20.1572440607
869 368 0.225451932797 20.2068547473 6.0 20.1833260933
870 369 0.225482975332 20.2328726664 6.0 20.2093727123
871 370 0.225513898444 20.2588554242 6.0 20.2353840617
872 371 0.225544702902 20.2848031629 6.0 20.2613602843
873 372 0.225575389469 20.3107160237 6.0 20.287301522
874 373 0.225605958899 20.336594147 6.0 20.3132079158
875 374 0.225636411939 20.362437672 6.0 20.3390796058
876 375 0.225666749332 20.3882467372 6.0 20.364916731
877 376 0.225696971812 20.4140214802 6.0 20.3907194297
878 377 0.225727080107 20.4397620375 6.0 20.4164878389
879 378 0.225757074939 20.4654685449 6.0 20.4422220952
880 379 0.225786957024 20.491141137 6.0 20.4679223339
881 380 0.225816727069 20.5167799478 6.0 20.4935886896
882 381 0.225846385778 20.5423851104 6.0 20.5192212959
883 382 0.225875933848 20.5679567569 6.0 20.5448202857
884 383 0.225905371969 20.5934950186 6.0 20.5703857908
885 384 0.225934700825 20.619000026 6.0 20.5959179423
886 385 0.225963921095 20.6444719086 6.0 20.6214168703
887 386 0.225993033451 20.6699107952 6.0 20.6468827044
888 387 0.22602203856 20.6953168137 6.0 20.6723155729
889 388 0.226050937084 20.7206900912 6.0 20.6977156036
890 389 0.226079729676 20.746030754 6.0 20.7230829233
891 390 0.226108416988 20.7713389276 6.0 20.7484176581
892 391 0.226136999663 20.7966147366 6.0 20.7737199333
893 392 0.226165478339 20.8218583049 6.0 20.7989898732
894 393 0.226193853649 20.8470697556 6.0 20.8242276016
895 394 0.226222126221 20.872249211 6.0 20.8494332413
896 395 0.226250296678 20.8973967926 6.0 20.8746069144
897 396 0.226278365636 20.9225126212 6.0 20.8997487421
898 397 0.226306333708 20.9475968168 6.0 20.9248588452
899 398 0.226334201499 20.9726494986 6.0 20.9499373433
900 399 0.226361969611 20.9976707852 6.0 20.9749843554
901 400 0.226389638641 21.0226607942 6.0 21.0
902 401 0.226417209181 21.0476196428 6.0 21.0249843945
903 402 0.226444681816 21.0725474471 6.0 21.0499376558
904 403 0.226472057128 21.0974443228 6.0 21.0748598999
905 404 0.226499335695 21.1223103848 6.0 21.0997512422
906 405 0.226526518087 21.1471457471 6.0 21.1246117975
907 406 0.226553604873 21.1719505233 6.0 21.1494416796
908 407 0.226580596615 21.1967248261 6.0 21.1742410018
909 408 0.22660749387 21.2214687675 6.0 21.1990098767
910 409 0.226634297193 21.2461824589 6.0 21.2237484162
911 410 0.226661007131 21.2708660111 6.0 21.2484567313
912 411 0.22668762423 21.2955195339 6.0 21.2731349327
913 412 0.226714149028 21.3201431369 6.0 21.2977831302
914 413 0.226740582063 21.3447369286 6.0 21.3224014329
915 414 0.226766923863 21.3693010171 6.0 21.3469899494
916 415 0.226793174957 21.3938355098 6.0 21.3715487875
917 416 0.226819335867 21.4183405134 6.0 21.3960780544
918 417 0.226845407111 21.442816134 6.0 21.4205778567
919 418 0.226871389204 21.4672624771 6.0 21.4450483003
920 419 0.226897282655 21.4916796475 6.0 21.4694894905
921 420 0.22692308797 21.5160677495 6.0 21.4939015319
922 421 0.226948805651 21.5404268865 6.0 21.5182845287
923 422 0.226974436196 21.5647571616 6.0 21.5426385842
924 423 0.226999980099 21.5890586772 6.0 21.5669638012
925 424 0.22702543785 21.613331535 6.0 21.591260282
926 425 0.227050809934 21.6375758362 6.0 21.6155281281
927 426 0.227076096835 21.6617916813 6.0 21.6397674406
928 427 0.227101299031 21.6859791704 6.0 21.6639783198
929 428 0.227126416996 21.7101384028 6.0 21.6881608656
930 429 0.227151451201 21.7342694773 6.0 21.7123151772
931 430 0.227176402113 21.7583724922 6.0 21.7364413533
932 431 0.227201270197 21.7824475452 6.0 21.760539492
933 432 0.227226055912 21.8064947333 6.0 21.7846096908
934 433 0.227250759714 21.8305141532 6.0 21.8086520467
935 434 0.227275382057 21.8545059007 6.0 21.832666656
936 435 0.22729992339 21.8784700714 6.0 21.8566536146
937 436 0.227324384158 21.9024067602 6.0 21.8806130178
938 437 0.227348764804 21.9263160613 6.0 21.9045449604
939 438 0.227373065767 21.9501980686 6.0 21.9284495365
940 439 0.227397287483 21.9740528754 6.0 21.9523268398
941 440 0.227421430385 21.9978805743 6.0 21.9761769634
942 441 0.2274454949 22.0216812577 6.0 22.0
943 442 0.227469481455 22.0454550173 6.0 22.0237960416
944 443 0.227493390473 22.0692019441 6.0 22.0475651798
945 444 0.227517222372 22.0929221289 6.0 22.0713075057
946 445 0.22754097757 22.1166156618 6.0 22.0950231097
947 446 0.227564656478 22.1402826326 6.0 22.1187120819
948 447 0.227588259507 22.1639231302 6.0 22.1423745119
949 448 0.227611787063 22.1875372434 6.0 22.1660104885
950 449 0.22763523955 22.2111250604 6.0 22.1896201004
951 450 0.227658617369 22.2346866687 6.0 22.2132034356
952 451 0.227681920918 22.2582221557 6.0 22.2367605816
953 452 0.227705150591 22.2817316079 6.0 22.2602916255
954 453 0.22772830678 22.3052151117 6.0 22.2837966538
955 454 0.227751389874 22.3286727527 6.0 22.3072757527
956 455 0.227774400259 22.3521046162 6.0 22.3307290077
957 456 0.227797338318 22.3755107871 6.0 22.3541565041
958 457 0.227820204432 22.3988913496 6.0 22.3775583264
959 458 0.227842998977 22.4222463877 6.0 22.400934559
960 459 0.227865722329 22.4455759848 6.0 22.4242852856
961 460 0.227888374859 22.4688802239 6.0 22.4476105895
962 461 0.227910956938 22.4921591874 6.0 22.4709105536
963 462 0.22793346893 22.5154129575 6.0 22.4941852602
964 463 0.227955911201 22.5386416158 6.0 22.5174347914
965 464 0.227978284112 22.5618452435 6.0 22.5406592285
966 465 0.22800058802 22.5850239213 6.0 22.5638586528
967 466 0.228022823283 22.6081777296 6.0 22.5870331449
968 467 0.228044990253 22.6313067482 6.0 22.610182785
969 468 0.228067089282 22.6544110566 6.0 22.6333076528
970 469 0.228089120717 22.6774907339 6.0 22.6564078277
971 470 0.228111084906 22.7005458587 6.0 22.6794833887
972 471 0.22813298219 22.7235765092 6.0 22.7025344142
973 472 0.228154812911 22.7465827631 6.0 22.7255609824
974 473 0.228176577407 22.7695646979 6.0 22.7485631709
975 474 0.228198276016 22.7925223905 6.0 22.7715410571
976 475 0.228219909069 22.8154559175 6.0 22.7944947177
977 476 0.228241476899 22.838365355 6.0 22.8174242293
978 477 0.228262979834 22.8612507788 6.0 22.8403296678
979 478 0.228284418201 22.8841122643 6.0 22.8632111091
980 479 0.228305792325 22.9069498865 6.0 22.8860686282
981 480 0.228327102527 22.9297637199 6.0 22.9089023002
982 481 0.228348349128 22.9525538387 6.0 22.9317121995
983 482 0.228369532444 22.9753203168 6.0 22.9544984001
984 483 0.228390652792 22.9980632275 6.0 22.9772609758
985 484 0.228411710484 23.020782644 6.0 23.0
986 485 0.228432705831 23.0434786388 6.0 23.0227155455
987 486 0.228453639142 23.0661512843 6.0 23.045407685
988 487 0.228474510724 23.0888006525 6.0 23.0680764907
989 488 0.228495320881 23.1114268148 6.0 23.0907220344
990 489 0.228516069915 23.1340298424 6.0 23.1133443875
991 490 0.228536758128 23.1566098063 6.0 23.1359436212
992 491 0.228557385816 23.1791667768 6.0 23.1585198062
993 492 0.228577953277 23.201700824 6.0 23.1810730128
994 493 0.228598460805 23.2242120178 6.0 23.2036033112
995 494 0.228618908691 23.2467004276 6.0 23.2261107709
996 495 0.228639297225 23.2691661223 6.0 23.2485954613
997 496 0.228659626697 23.2916091706 6.0 23.2710574513
998 497 0.228679897392 23.314029641 6.0 23.2934968096
999 498 0.228700109595 23.3364276015 6.0 23.3159136044
1000 499 0.228720263587 23.3588031197 6.0 23.3383079037
1001 500 0.22874035965 23.3811562629 6.0 23.360679775
1002 501 0.228760398061 23.4034870982 6.0 23.3830292856
1003 502 0.228780379098 23.4257956922 6.0 23.4053565024
1004 503 0.228800303036 23.4480821113 6.0 23.427661492
1005 504 0.228820170146 23.4703464214 6.0 23.4499443206
1006 505 0.228839980701 23.4925886883 6.0 23.4722050542
1007 506 0.22885973497 23.5148089772 6.0 23.4944437584
1008 507 0.22887943322 23.5370073533 6.0 23.5166604984
1009 508 0.228899075716 23.5591838812 6.0 23.5388553392
1010 509 0.228918662724 23.5813386253 6.0 23.5610283454
1011 510 0.228938194505 23.6034716497 6.0 23.5831795813
1012 511 0.22895767132 23.6255830181 6.0 23.6053091109
1013 512 0.228977093427 23.6476727941 6.0 23.627416998
1014 513 0.228996461083 23.6697410408 6.0 23.6495033058
1015 514 0.229015774545 23.6917878209 6.0 23.6715680975
1016 515 0.229035034064 23.713813197 6.0 23.6936114358
1017 516 0.229054239895 23.7358172314 6.0 23.7156333832
1018 517 0.229073392286 23.757799986 6.0 23.7376340018
1019 518 0.229092491487 23.7797615224 6.0 23.7596133535
1020 519 0.229111537744 23.8017019019 6.0 23.7815714998
1021 520 0.229130531304 23.8236211855 6.0 23.803508502
1022 521 0.22914947241 23.8455194341 6.0 23.825424421
1023 522 0.229168361304 23.8673967081 6.0 23.8473193176
1024 523 0.229187198228 23.8892530675 6.0 23.8691932521
1025 524 0.22920598342 23.9110885724 6.0 23.8910462845
1026 525 0.229224717118 23.9329032822 6.0 23.9128784748
1027 526 0.229243399558 23.9546972564 6.0 23.9346898824
1028 527 0.229262030976 23.9764705539 6.0 23.9564805665
1029 528 0.229280611603 23.9982232334 6.0 23.9782505862
1030 529 0.229299141671 24.0199553535 6.0 24.0
1031 530 0.229317621411 24.0416669723 6.0 24.0217288664
1032 531 0.229336051051 24.0633581478 6.0 24.0434372436
1033 532 0.229354430819 24.0850289375 6.0 24.0651251893
1034 533 0.22937276094 24.106679399 6.0 24.0867927612
1035 534 0.229391041639 24.1283095892 6.0 24.1084400166
1036 535 0.229409273138 24.149919565 6.0 24.1300670124
1037 536 0.22942745566 24.171509383 6.0 24.1516738056
1038 537 0.229445589423 24.1930790995 6.0 24.1732604525
1039 538 0.229463674647 24.2146287706 6.0 24.1948270095
1040 539 0.229481711549 24.236158452 6.0 24.2163735325
1041 540 0.229499700345 24.2576681993 6.0 24.2379000772
1042 541 0.22951764125 24.2791580678 6.0 24.2594066992
1043 542 0.229535534477 24.3006281124 6.0 24.2808934536
1044 543 0.229553380238 24.322078388 6.0 24.3023603955
1045 544 0.229571178744 24.343508949 6.0 24.3238075794
1046 545 0.229588930203 24.3649198498 6.0 24.3452350599
1047 546 0.229606634824 24.3863111442 6.0 24.3666428911
1048 547 0.229624292814 24.4076828862 6.0 24.3880311271
1049 548 0.229641904378 24.4290351292 6.0 24.4093998214
1050 549 0.22965946972 24.4503679265 6.0 24.4307490277
1051 550 0.229676989044 24.4716813312 6.0 24.4520787991
1052 551 0.22969446255 24.492975396 6.0 24.4733891886
1053 552 0.22971189044 24.5142501735 6.0 24.4946802489
1054 553 0.229729272912 24.535505716 6.0 24.5159520326
1055 554 0.229746610164 24.5567420757 6.0 24.5372045919
1056 555 0.229763902394 24.5779593043 6.0 24.5584379788
1057 556 0.229781149797 24.5991574534 6.0 24.5796522451
1058 557 0.229798352566 24.6203365745 6.0 24.6008474424
1059 558 0.229815510897 24.6414967188 6.0 24.622023622
1060 559 0.229832624979 24.6626379371 6.0 24.6431808351
1061 560 0.229849695005 24.6837602801 6.0 24.6643191324
1062 561 0.229866721164 24.7048637983 6.0 24.6854385647
1063 562 0.229883703645 24.725948542 6.0 24.7065391823
1064 563 0.229900642634 24.7470145611 6.0 24.7276210354
1065 564 0.229917538319 24.7680619056 6.0 24.7486841741
1066 565 0.229934390885 24.7890906249 6.0 24.769728648
1067 566 0.229951200514 24.8101007684 6.0 24.7907545067
1068 567 0.229967967392 24.8310923853 6.0 24.8117617996
1069 568 0.229984691699 24.8520655246 6.0 24.8327505756
1070 569 0.230001373616 24.8730202348 6.0 24.8537208838
1071 570 0.230018013323 24.8939565646 6.0 24.8746727726
1072 571 0.230034610999 24.9148745622 6.0 24.8956062907
1073 572 0.230051166821 24.9357742756 6.0 24.9165214862
1074 573 0.230067680966 24.9566557528 6.0 24.9374184072
1075 574 0.230084153609 24.9775190415 6.0 24.9582971014
1076 575 0.230100584924 24.998364189 6.0 24.9791576166
1077 576 0.230116975086 25.0191912426 6.0 25.0
1078 577 0.230133324266 25.0400002493 6.0 25.0208242989
1079 578 0.230149632636 25.0607912561 6.0 25.0416305603
1080 579 0.230165900367 25.0815643095 6.0 25.062418831
1081 580 0.230182127627 25.1023194559 6.0 25.0831891576
1082 581 0.230198314586 25.1230567416 6.0 25.1039415864
1083 582 0.23021446141 25.1437762127 6.0 25.1246761636
1084 583 0.230230568266 25.1644779149 6.0 25.1453929353
1085 584 0.230246635319 25.1851618939 6.0 25.1660919472
1086 585 0.230262662735 25.2058281952 6.0 25.1867732449
1087 586 0.230278650676 25.226476864 6.0 25.2074368738
1088 587 0.230294599305 25.2471079454 6.0 25.2280828792
1089 588 0.230310508784 25.2677214842 6.0 25.248711306
1090 589 0.230326379274 25.2883175251 6.0 25.269322199
1091 590 0.230342210934 25.3088961126 6.0 25.289915603
1092 591 0.230358003924 25.329457291 6.0 25.3104915623
1093 592 0.230373758401 25.3500011045 6.0 25.3310501212
1094 593 0.230389474523 25.3705275969 6.0 25.3515913238
1095 594 0.230405152445 25.3910368119 6.0 25.3721152139
1096 595 0.230420792323 25.4115287933 6.0 25.3926218353
1097 596 0.230436394312 25.4320035842 6.0 25.4131112315
1098 597 0.230451958564 25.452461228 6.0 25.4335834457
1099 598 0.230467485233 25.4729017676 6.0 25.4540385213
1100 599 0.230482974471 25.4933252459 6.0 25.474476501
1101 600 0.230498426427 25.5137317055 6.0 25.4948974278
1102 601 0.230513841254 25.5341211889 6.0 25.5153013443
1103 602 0.230529219098 25.5544937384 6.0 25.5356882928
1104 603 0.23054456011 25.5748493961 6.0 25.5560583156
