506 5 0.00382386382392 7.13366943785 7.13312730121 3.2360679775
507 6 0.00382386144126 7.13366983448 7.13312730121 3.44948974278
508 7 0.00382385881622 7.13367025765 7.13312730121 3.64575131106
509 8 0.00382385591474 7.13367071011 7.13312730121 3.82842712475
510 9 0.00382385269652 7.13367119504 7.13312730121 4.0
511 10 0.00382384911367 7.13367171603 7.13312730121 4.16227766017
512 11 0.00382384510885 7.13367227728 7.13312730121 4.31662479036
513 12 0.00382384061301 7.13367288363 7.13312730121 4.46410161514
514 13 0.00382383554236 7.13367354076 7.13312730121 4.60555127546
515 14 0.00382382979444 7.13367425532 7.13312730121 4.74165738677
516 15 0.00382382324287 7.13367503517 7.13312730121 4.87298334621
517 16 0.00382381573037 7.13367588971 7.13312730121 5.0
518 17 0.00382380705918 7.13367683019 7.13312730121 5.12310562562
519 18 0.00382379697788 7.13367787028 7.13312730121 5.24264068712
520 19 0.003823785163 7.13367902666 7.13312730121 5.35889894354
521 20 0.0038237711926 7.13368032002 7.13312730121 5.472135955
522 21 0.00382375450812 7.13368177621 7.13312730121 5.58257569496
523 22 0.00382373435755 7.13368342805 7.13312730121 5.69041575982
524 23 0.00382370970914 7.13368531782 7.13312730121 5.79583152331
525 24 0.0038236791165 7.13368750089 7.13312730121 5.89897948557
526 25 0.00382364050145 7.13369005131 7.13312730121 6.0
527 26 0.00382359079135 7.13369307031 7.13312730121 6.09901951359
528 27 0.00382352528852 7.13369670007 7.13312730121 6.19615242271
529 28 0.00382343651864 7.13370114679 7.13312730121 6.29150262213
530 29 0.00382331200201 7.13370672121 7.13312730121 6.38516480713
531 30 0.00382312962206 7.13371391459 7.13312730121 6.47722557505
532 31 0.00382284710616 7.13372355189 7.13312730121 6.56776436283
533 32 0.0038223752287 7.13373713315 7.13312730121 6.65685424949
534 33 0.00382149813238 7.13375770129 7.13312730121 6.74456264654
535 34 0.00381957764388 7.13379251084 7.13312730121 6.83095189485
536 35 0.00381399679101 7.13386415495 7.13312730121 6.9160797831
537 36 0.00378488773567 7.13409604215 7.13312730121 7.0
538 37 0.124890335573 7.14572215552 7.13312730121 7.0827625303
539 38 0.184525206112 7.2245053446 7.13312730121 7.16441400297
540 39 0.186109600009 7.30437002985 7.13312730121 7.2449979984
541 40 0.186880761721 7.3833302999 7.13312730121 7.32455532034
542 41 0.187503171536 7.46134694464 7.13312730121 7.40312423743
543 42 0.188071002546 7.53843826016 7.13312730121 7.48074069841
544 43 0.188609135473 7.61463146477 7.13312730121 7.5574385243
545 44 0.18912666407 7.68995515276 7.13312730121 7.63324958071
546 45 0.189627723044 7.76443742764 7.13312730121 7.7082039325
547 46 0.190114537696 7.83810534661 7.13312730121 7.78232998313
548 47 0.190588483365 7.9109847611 7.13312730121 7.8556546004
549 48 0.191050512013 7.98310029739 7.13312730121 7.92820323028
550 49 0.191501344117 8.05447539105 7.13312730121 8.0
551 50 0.191941562877 8.12513234225 7.13312730121 8.07106781187
552 51 0.19237166389 8.19509237801 7.13312730121 8.14142842854
553 52 0.192792082997 8.26437571536 7.13312730121 8.21110255093
554 53 0.193203212749 8.3330016226 7.13312730121 8.28010988928
555 54 0.193605412638 8.4009884775 7.13312730121 8.34846922835
556 55 0.193999015736 8.46835382187 7.13312730121 8.4161984871
557 56 0.194384333203 8.5351144126 7.13312730121 8.48331477355
558 57 0.194761657471 8.60128626902 7.13312730121 8.54983443527
559 58 0.195131264581 8.66688471697 7.13312730121 8.61577310586
560 59 0.195493415964 8.73192442968 7.13312730121 8.68114574787
561 60 0.195848359843 8.79641946571 7.13312730121 8.74596669241
562 61 0.196196332369 8.86038330417 7.13312730121 8.81024967591
563 62 0.196537558568 8.92382887746 7.13312730121 8.87400787401
564 63 0.196872253149 8.9867686017 7.13312730121 8.93725393319
565 64 0.197200621201 9.04921440503 7.13312730121 9.0
566 65 0.197522858808 9.11117775397 7.13312730121 9.0622577483
567 66 0.197839153607 9.17266967804 7.13312730121 9.12403840464
568 67 0.198149685276 9.23370079264 7.13312730121 9.18535277187
569 68 0.198454625993 9.29428132051 7.13312730121 9.24621125124
570 69 0.198754140846 9.35442111172 7.13312730121 9.30662386292
571 70 0.199048388217 9.41412966241 7.13312730121 9.36660026534
572 71 0.199337520134 9.47341613235 7.13312730121 9.42614977318
573 72 0.1996216826 9.53228936134 7.13312730121 9.48528137424
574 73 0.199901015898 9.59075788469 7.13312730121 9.54400374532
575 74 0.200175654879 9.64882994766 7.13312730121 9.60232526704
576 75 0.200445729227 9.70651351908 7.13312730121 9.66025403784
577 76 0.20071136371 9.76381630418 7.13312730121 9.71779788708
578 77 0.200972678419 9.82074575661 7.13312730121 9.77496438739
579 78 0.201229788985 9.87730908979 7.13312730121 9.83176086633
580 79 0.201482806792 9.93351328764 7.13312730121 9.88819441732
581 80 0.201731839172 9.98936511466 7.13312730121 9.94427191
582 81 0.201976989589 10.0448711255 7.13312730121 10.0
583 82 0.202218357819 10.1000376738 7.13312730121 10.0553851381
584 83 0.202456040112 10.154870921 7.13312730121 10.1104335791
585 84 0.202690129349 10.2093768441 7.13312730121 10.1651513899
586 85 0.202920715194 10.2635612436 7.13312730121 10.2195444573
587 86 0.203147884229 10.3174297505 7.13312730121 10.2736184955
588 87 0.203371720093 10.370987833 7.13312730121 10.3273790531
589 88 0.203592303603 10.4242408035 7.13312730121 10.3808315196
590 89 0.203809712879 10.4771938242 7.13312730121 10.4339811321
591 90 0.204024023452 10.5298519136 7.13312730121 10.4868329805
592 91 0.204235308378 10.5822199514 7.13312730121 10.5393920142
593 92 0.204443638334 10.6343026842 7.13312730121 10.5916630466
594 93 0.204649081723 10.6861047304 7.13312730121 10.643650761
595 94 0.204851704759 10.7376305851 7.13312730121 10.6953597148
596 95 0.20505157156 10.7888846246 7.13312730121 10.7467943448
597 96 0.205248744233 10.8398711107 7.13312730121 10.7979589711
598 97 0.205443282948 10.8905941949 7.13312730121 10.8488578018
599 98 0.205635246019 10.9410579224 7.13312730121 10.8994949366
600 99 0.205824689977 10.9912662359 7.13312730121 10.9498743711
601 100 0.206011669634 11.0412229789 7.13312730121 11.0
602 101 0.206196238154 11.0909318997 7.13312730121 11.0498756211
603 102 0.206378447114 11.1403966541 7.13312730121 11.0995049384
604 103 0.206558346563 11.1896208091 7.13312730121 11.1488915651
605 104 0.206735985081 11.2386078453 7.13312730121 11.1980390272
606 105 0.206911409833 11.2873611604 7.13312730121 11.246950766
607 106 0.207084666621 11.3358840716 7.13312730121 11.295630141
608 107 0.207255799933 11.3841798181 7.13312730121 11.3440804328
609 108 0.207424852993 11.4322515643 7.13312730121 11.3923048454
610 109 0.207591867805 11.4801024013 7.13312730121 11.4403065089
611 110 0.207756885197 11.52773535 7.13312730121 11.4880884817
612 111 0.207919944862 11.5751533629 7.13312730121 11.5356537529
613 112 0.208081085401 11.6223593264 7.13312730121 11.5830052443
614 113 0.208240344357 11.6693560629 7.13312730121 11.6301458127
615 114 0.208397758255 11.7161463326 7.13312730121 11.677078252
616 115 0.208553362634 11.7627328354 7.13312730121 11.7238052948
617 116 0.208707192085 11.8091182132 7.13312730121 11.7703296143
618 117 0.208859280281 11.8553050509 7.13312730121 11.8166538264
619 118 0.209009660005 11.9012958785 7.13312730121 11.8627804912
620 119 0.209158363185 11.947093173 7.13312730121 11.9087121146
621 120 0.20930542092 11.9926993593 7.13312730121 11.9544511501
622 121 0.209450863506 12.0381168121 7.13312730121 12.0
623 122 0.209594720467 12.0833478575 7.13312730121 12.0453610172
624 123 0.209737020572 12.128394774 7.13312730121 12.0905365064
625 124 0.209877791868 12.173259794 7.13312730121 12.1355287257
626 125 0.2100170617 12.2179451052 7.13312730121 12.1803398875
627 126 0.210154856729 12.2624528519 7.13312730121 12.2249721603
628 127 0.210291202962 12.3067851358 7.13312730121 12.2694276696
629 128 0.210426125765 12.3509440176 7.13312730121 12.313708499
630 129 0.210559649888 12.394931518 7.13312730121 12.3578166916
631 130 0.210691799481 12.4387496186 7.13312730121 12.401754251
632 131 0.210822598115 12.4824002632 7.13312730121 12.4455231423
633 132 0.210952068797 12.5258853586 7.13312730121 12.4891252931
634 133 0.211080233989 12.5692067757 7.13312730121 12.5325625947
635 134 0.211207115626 12.6123663504 7.13312730121 12.5758369028
636 135 0.211332735128 12.6553658845 7.13312730121 12.6189500386
637 136 0.211457113417 12.6982071467 7.13312730121 12.6619037897
638 137 0.211580270933 12.7408918732 7.13312730121 12.7046999107
639 138 0.211702227648 12.7834217687 7.13312730121 12.7473401245
640 139 0.211823003078 12.8257985073 7.13312730121 12.7898261226
641 140 0.211942616295 12.8680237329 7.13312730121 12.8321595662
642 141 0.212061085947 12.9100990605 7.13312730121 12.874342087
643 142 0.21217843026 12.9520260763 7.13312730121 12.9163752878
644 143 0.212294667059 12.9938063387 7.13312730121 12.9582607431
645 144 0.212409813773 13.0354413793 7.13312730121 13.0
646 145 0.212523887451 13.076932703 7.13312730121 13.0415945788
647 146 0.212636904768 13.1182817888 7.13312730121 13.0830459736
648 147 0.212748882041 13.1594900908 7.13312730121 13.124355653
649 148 0.212859835231 13.200559038 7.13312730121 13.1655250606
650 149 0.212969779963 13.2414900359 7.13312730121 13.2065556157
651 150 0.213078731524 13.2822844661 7.13312730121 13.2474487139
652 151 0.213186704883 13.3229436876 7.13312730121 13.2882057274
653 152 0.213293714691 13.3634690368 7.13312730121 13.3288280059
654 153 0.213399775295 13.4038618283 7.13312730121 13.3693168769
655 154 0.213504900742 13.4441233552 7.13312730121 13.409673646
656 155 0.21360910479 13.4842548899 7.13312730121 13.449899598
657 156 0.213712400916 13.5242576842 7.13312730121 13.4899959968
658 157 0.213814802321 13.56413297 7.13312730121 13.5299640861
659 158 0.213916321937 13.6038819597 7.13312730121 13.56980509
660 159 0.214016972436 13.6435058465 7.13312730121 13.6095202129
661 160 0.214116766238 13.683005805 7.13312730121 13.6491106407
662 161 0.214215715513 13.7223829914 7.13312730121 13.6885775404
663 162 0.214313832189 13.7616385443 7.13312730121 13.7279220614
664 163 0.214411127962 13.8007735845 7.13312730121 13.7671453348
665 164 0.214507614296 13.8397892159 7.13312730121 13.8062484749
666 165 0.214603302433 13.8786865255 7.13312730121 13.8452325787
667 166 0.214698203395 13.917466584 7.13312730121 13.8840987267
668 167 0.214792327995 13.9561304459 7.13312730121 13.9228479833
669 168 0.214885686836 13.9946791502 7.13312730121 13.9614813968
670 169 0.214978290319 14.0331137202 7.13312730121 14.0
671 170 0.21507014865 14.0714351646 7.13312730121 14.0384048104
672 171 0.215161271839 14.1096444767 7.13312730121 14.0766968306
673 172 0.21525166971 14.1477426359 7.13312730121 14.1148770486
674 173 0.215341351906 14.1857306072 7.13312730121 14.152946438
675 174 0.215430327886 14.2236093415 7.13312730121 14.1909059583
676 175 0.215518606939 14.2613797765 7.13312730121 14.2287565553
677 176 0.215606198181 14.2990428363 7.13312730121 14.2664991614
678 177 0.215693110561 14.336599432 7.13312730121 14.3041346957
679 178 0.215779352868 14.3740504618 7.13312730121 14.3416640641
680 179 0.215864933729 14.4113968114 7.13312730121 14.3790881603
681 180 0.215949861618 14.4486393542 7.13312730121 14.416407865
682 181 0.216034144856 14.4857789515 7.13312730121 14.4536240471
683 182 0.216117791617 14.5228164528 7.13312730121 14.4907375632
684 183 0.21620080993 14.5597526959 7.13312730121 14.5277492585
685 184 0.216283207681 14.5965885072 7.13312730121 14.5646599663
686 185 0.21636499262 14.633324702 7.13312730121 14.6014705087
687 186 0.216446172361 14.6699620844 7.13312730121 14.638181697
688 187 0.216526754384 14.7065014481 7.13312730121 14.6747943312
689 188 0.216606746042 14.7429435759 7.13312730121 14.7113092008
690 189 0.216686154562 14.7792892404 7.13312730121 14.7477270849
691 190 0.216764987045 14.8155392039 7.13312730121 14.7840487521
692 191 0.216843250473 14.851694219 7.13312730121 14.8202749611
693 192 0.216920951709 14.887755028 7.13312730121 14.8564064606
694 193 0.216998097501 14.9237223641 7.13312730121 14.8924439894
695 194 0.217074694482 14.9595969506 7.13312730121 14.9283882772
696 195 0.217150749177 14.9953795017 7.13312730121 14.9642400438
697 196 0.217226268001 15.0310707226 7.13312730121 15.0
698 197 0.217301257263 15.0666713093 7.13312730121 15.0356688476
699 198 0.217375723167 15.1021819492 7.13312730121 15.0712472795
700 199 0.217449671819 15.1376033209 7.13312730121 15.1067359797
701 200 0.217523109221 15.1729360945 7.13312730121 15.1421356237
702 201 0.21759604128 15.208180932 7.13312730121 15.1774468788
703 202 0.217668473809 15.2433384869 7.13312730121 15.2126704036
704 203 0.217740412524 15.2784094048 7.13312730121 15.2478068488
705 204 0.217811863052 15.3133943234 7.13312730121 15.2828568571
706 205 0.21788283093 15.3482938724 7.13312730121 15.3178210633
707 206 0.217953321607 15.3831086741 7.13312730121 15.3527000944
708 207 0.218023340445 15.4178393433 7.13312730121 15.3874945699
709 208 0.218092892724 15.452486487 7.13312730121 15.4222051019
710 209 0.218161983639 15.4870507054 7.13312730121 15.4568322948
711 210 0.218230618305 15.5215325914 7.13312730121 15.4913767462
712 211 0.218298801759 15.5559327307 7.13312730121 15.5258390463
713 212 0.218366538958 15.5902517022 7.13312730121 15.5602197786
714 213 0.218433834784 15.624490078 7.13312730121 15.5945195193
715 214 0.218500694045 15.6586484237 7.13312730121 15.6287388383
716 215 0.218567121475 15.6927272979 7.13312730121 15.6628782986
717 216 0.218633121735 15.7267272531 7.13312730121 15.6969384567
718 217 0.218698699418 15.7606488352 7.13312730121 15.7309198627
719 218 0.218763859047 15.7944925839 7.13312730121 15.7648230602
720 219 0.218828605075 15.8282590328 7.13312730121 15.7986485869
721 220 0.218892941893 15.8619487094 7.13312730121 15.8323969742
722 221 0.218956873824 15.8955621352 7.13312730121 15.8660687473
723 222 0.219020405127 15.9290998257 7.13312730121 15.8996644258
724 223 0.219083539999 15.9625622909 7.13312730121 15.9331845231
725 224 0.219146282575 15.9959500349 7.13312730121 15.9666295471
726 225 0.219208636932 16.0292635561 7.13312730121 16.0
727 226 0.219270607084 16.0625033477 7.13312730121 16.0332963784
728 227 0.219332196989 16.0956698972 7.13312730121 16.0665191733
729 228 0.219393410548 16.1287636868 7.13312730121 16.0996688705
730 229 0.219454251607 16.1617851934 7.13312730121 16.1327459504
731 230 0.219514723954 16.1947348889 7.13312730121 16.1657508881
732 231 0.219574831325 16.2276132399 7.13312730121 16.1986841536
733 232 0.219634577404 16.260420708 7.13312730121 16.2315462117
734 233 0.219693965821 16.2931577499 7.13312730121 16.2643375225
735 234 0.219753000156 16.3258248174 7.13312730121 16.2970585408
736 235 0.21981168394 16.3584223573 7.13312730121 16.3297097168
737 236 0.219870020651 16.390950812 7.13312730121 16.3622914957
738 237 0.219928013723 16.423410619 7.13312730121 16.3948043183
739 238 0.219985666539 16.4558022113 7.13312730121 16.4272486205
740 239 0.220042982439 16.4881260173 7.13312730121 16.4596248337
741 240 0.220099964714 16.5203824609 7.13312730121 16.4919333848
742 241 0.220156616611 16.5525719618 7.13312730121 16.5241746963
743 242 0.220212941334 16.584694935 7.13312730121 16.5563491861
744 243 0.220268942041 16.6167517916 7.13312730121 16.5884572681
745 244 0.22032462185 16.6487429383 7.13312730121 16.6204993518
746 245 0.220379983835 16.6806687777 7.13312730121 16.6524758425
747 246 0.22043503103 16.7125297082 7.13312730121 16.6843871414
748 247 0.220489766428 16.7443261242 7.13312730121 16.7162336455
749 248 0.220544192982 16.7760584164 7.13312730121 16.748015748
750 249 0.220598313606 16.8077269711 7.13312730121 16.7797338381
751 250 0.220652131176 16.839332171 7.13312730121 16.8113883008
752 251 0.220705648529 16.870874395 7.13312730121 16.8429795178
753 252 0.220758868467 16.9023540183 7.13312730121 16.8745078664
754 253 0.220811793753 16.9337714121 7.13312730121 16.9059737206
755 254 0.220864427115 16.9651269442 7.13312730121 16.9373774505
756 255 0.220916771246 16.9964209787 7.13312730121 16.9687194227
757 256 0.220968828804 17.0276538762 7.13312730121 17.0
758 257 0.221020602413 17.0588259936 7.13312730121 17.0312195419
759 258 0.221072094663 17.0899376847 7.13312730121 17.0623784042
760 259 0.22112330811 17.1209892996 7.13312730121 17.0934769394
761 260 0.22117424528 17.151981185 7.13312730121 17.1245154966
762 261 0.221224908664 17.1829136844 7.13312730121 17.1554944214
763 262 0.221275300725 17.2137871381 7.13312730121 17.1864140562
764 263 0.221325423891 17.244601883 7.13312730121 17.2172747402
765 264 0.221375280563 17.2753582528 7.13312730121 17.2480768093
766 265 0.221424873111 17.3060565781 7.13312730121 17.2788205961
767 266 0.221474203873 17.3366971865 7.13312730121 17.3095064303
768 267 0.221523275163 17.3672804024 7.13312730121 17.3401346384
769 268 0.221572089261 17.3978065472 7.13312730121 17.3707055437
770 269 0.221620648423 17.4282759394 7.13312730121 17.4012194669
771 270 0.221668954875 17.4586888942 7.13312730121 17.4316767252
772 271 0.221717010817 17.4890457245 7.13312730121 17.4620776332
773 272 0.221764818422 17.5193467397 7.13312730121 17.4924225025
774 273 0.221812379835 17.5495922467 7.13312730121 17.5227116419
775 274 0.221859697178 17.5797825497 7.13312730121 17.5529453572
776 275 0.221906772545 17.6099179498 7.13312730121 17.5831239518
777 276 0.221953608006 17.6399987456 7.13312730121 17.6132477258
778 277 0.222000205605 17.6700252329 7.13312730121 17.6433169771
779 278 0.222046567364 17.6999977049 7.13312730121 17.6733320005
780 279 0.222092695278 17.7299164522 7.13312730121 17.7032930885
781 280 0.22213859132 17.7597817627 7.13312730121 17.7332005307
782 281 0.22218425744 17.7895939219 7.13312730121 17.7630546142
783 282 0.222229695565 17.8193532125 7.13312730121 17.7928556237
784 283 0.222274907597 17.8490599149 7.13312730121 17.8226038413
785 284 0.22231989542 17.8787143071 7.13312730121 17.8522995464
786 285 0.222364660892 17.9083166644 7.13312730121 17.8819430161
787 286 0.222409205852 17.93786726 7.13312730121 17.9115345253
788 287 0.222453532116 17.9673663645 7.13312730121 17.9410743461
789 288 0.222497641481 17.9968142461 7.13312730121 17.9705627485
790 289 0.222541535721 18.0262111709 7.13312730121 18.0
791 290 0.222585216592 18.0555574026 7.13312730121 18.0293863659
792 291 0.222628685829 18.0848532026 7.13312730121 18.0587221092
793 292 0.222671945146 18.11409883 7.13312730121 18.0880074906
794 293 0.222714996239 18.1432945419 7.13312730121 18.1172427686
795 294 0.222757840784 18.1724405931 7.13312730121 18.1464281995
796 295 0.22280048044 18.2015372361 7.13312730121 18.1755640373
797 296 0.222842916845 18.2305847215 7.13312730121 18.2046505341
798 297 0.222885151619 18.2595832976 7.13312730121 18.2336879396
799 298 0.222927186365 18.2885332108 7.13312730121 18.2626765016
800 299 0.222969022668 18.3174347052 7.13312730121 18.2916164658
801 300 0.223010662095 18.3462880231 7.13312730121 18.3205080757
802 301 0.223052106195 18.3750934046 7.13312730121 18.3493515729
803 302 0.223093356502 18.403851088 7.13312730121 18.378147197
804 303 0.22313441453 18.4325613095 7.13312730121 18.4068951855
805 304 0.223175281779 18.4612243033 7.13312730121 18.4355957742
806 305 0.223215959733 18.4898403019 7.13312730121 18.4642491966
807 306 0.223256449856 18.5184095357 7.13312730121 18.4928556845
808 307 0.223296753601 18.5469322332 7.13312730121 18.5214154679
809 308 0.223336872403 18.5754086213 7.13312730121 18.5499287748
810 309 0.22337680768 18.6038389248 7.13312730121 18.5783958312
811 310 0.223416560838 18.6322233667 7.13312730121 18.6068168617
812 311 0.223456133266 18.6605621685 7.13312730121 18.6351920885
813 312 0.223495526337 18.6888555495 7.13312730121 18.6635217327
814 313 0.223534741413 18.7171037276 7.13312730121 18.691806013
815 314 0.223573779837 18.7453069187 7.13312730121 18.7200451467
816 315 0.223612642942 18.7734653372 7.13312730121 18.7482393493
817 316 0.223651332044 18.8015791956 7.13312730121 18.7763888346
818 317 0.223689848447 18.829648705 7.13312730121 18.8044938148
819 318 0.22372819344 18.8576740746 7.13312730121 18.8325545001
820 319 0.223766368299 18.885655512 7.13312730121 18.8605710995
821 320 0.223804374287 18.9135932232 7.13312730121 18.88854382
822 321 0.223842212654 18.9414874127 7.13312730121 18.9164728672
823 322 0.223879884636 18.9693382832 7.13312730121 18.9443584449
824 323 0.223917391457 18.997146036 7.13312730121 18.9722007556
825 324 0.223954734328 19.0249108708 7.13312730121 19.0
826 325 0.223991914449 19.0526329857 7.13312730121 19.0277563773
827 326 0.224028933005 19.0803125774 7.13312730121 19.0554700853
828 327 0.224065791172 19.107949841 7.13312730121 19.08314132
829 328 0.224102490111 19.1355449702 7.13312730121 19.1107702763
830 329 0.224139030973 19.1630981571 7.13312730121 19.1383571472
831 330 0.224175414898 19.1906095924 7.13312730121 19.1659021246
832 331 0.224211643013 19.2180794654 7.13312730121 19.1934053987
833 332 0.224247716434 19.245507964 7.13312730121 19.2208671583
834 333 0.224283636266 19.2728952746 7.13312730121 19.2482875909
835 334 0.224319403603 19.3002415822 7.13312730121 19.2756668825
836 335 0.224355019528 19.3275470704 7.13312730121 19.3030052177
837 336 0.224390485114 19.3548119217 7.13312730121 19.3303027798
838 337 0.224425801421 19.3820363168 7.13312730121 19.3575597507
839 338 0.224460969501 19.4092204355 7.13312730121 19.3847763109
840 339 0.224495990395 19.436364456 7.13312730121 19.4119526395
841 340 0.224530865133 19.4634685552 7.13312730121 19.4390889146
842 341 0.224565594736 19.4905329088 7.13312730121 19.4661853126
843 342 0.224600180213 19.5175576912 7.13312730121 19.4932420089
844 343 0.224634622566 19.5445430754 7.13312730121 19.5202591775
845 344 0.224668922786 19.5714892335 7.13312730121 19.547236991
846 345 0.224703081853 19.5983963358 7.13312730121 19.574175621
847 346 0.22473710074 19.6252645519 7.13312730121 19.6010752377
848 347 0.224770980408 19.6520940499 7.13312730121 19.6279360102
849 348 0.22480472181 19.6788849966 7.13312730121 19.6547581062
850 349 0.224838325892 19.7056375579 7.13312730121 19.6815416923
851 350 0.224871793587 19.7323518984 7.13312730121 19.7082869339
852 351 0.224905125822 19.7590281813 7.13312730121 19.7349939952
853 352 0.224938323514 19.7856665689 7.13312730121 19.7616630393
854 353 0.224971387571 19.8122672223 7.13312730121 19.7882942281
855 354 0.225004318893 19.8388303015 7.13312730121 19.8148877222
856 355 0.225037118372 19.8653559652 7.13312730121 19.8414436814
857 356 0.225069786891 19.8918443711 7.13312730121 19.8679622641
858 357 0.225102325324 19.9182956759 7.13312730121 19.8944436277
859 358 0.225134734538 19.944710035 7.13312730121 19.9208879284
860 359 0.225167015392 19.9710876028 7.13312730121 19.9472953215
861 360 0.225199168736 19.9974285327 7.13312730121 19.973665961
862 361 0.225231195412 20.023732977 7.13312730121 20.0
863 362 0.225263096256 20.0500010869 7.13312730121 20.0262975904
864 363 0.225294872094 20.0762330125 7.13312730121 20.0525588833
865 364 0.225326523746 20.1024289031 7.13312730121 20.0787840283
866 365 0.225358052023 20.1285889067 7.13312730121 20.1049731745
867 366 0.225389457731 20.1547131705 7.13312730121 20.1311264697
868 367 0.225420741667 20.1808018406 7.13312730121 20.1572440607
869 368 0.22545190462 20.2068550621 7.13312730121 20.1833260933
870 369 0.225482947373 20.2328729791 7.13312730121 20.2093727123
871 370 0.225513870701 20.2588557348 7.13312730121 20.2353840617
872 371 0.225544675374 20.2848034715 7.13312730121 20.2613602843
873 372 0.225575362153 20.3107163303 7.13312730121 20.287301522
874 373 0.225605931792 20.3365944515 7.13312730121 20.3132079158
875 374 0.225636385041 20.3624379746 7.13312730121 20.3390796058
876 375 0.225666722639 20.3882470379 7.13312730121 20.364916731
877 376 0.225696945323 20.4140217789 7.13312730121 20.3907194297
878 377 0.225727053819 20.4397623343 7.13312730121 20.4164878389
879 378 0.22575704885 20.4654688397 7.13312730121 20.4422220952
880 379 0.225786931132 20.49114143 7.13312730121 20.4679223339
881 380 0.225816701372 20.5167802389 7.13312730121 20.4935886896
882 381 0.225846360275 20.5423853997 7.13312730121 20.5192212959
883 382 0.225875908536 20.5679570444 7.13312730121 20.5448202857
884 383 0.225905346846 20.5934953042 7.13312730121 20.5703857908
885 384 0.225934675889 20.6190003098 7.13312730121 20.5959179423
886 385 0.225963896345 20.6444721906 7.13312730121 20.6214168703
887 386 0.225993008885 20.6699110754 7.13312730121 20.6468827044
888 387 0.226022014176 20.6953170922 7.13312730121 20.6723155729
889 388 0.22605091288 20.720690368 7.13312730121 20.6977156036
890 389 0.226079705651 20.746031029 7.13312730121 20.7230829233
891 390 0.226108393139 20.7713392009 7.13312730121 20.7484176581
892 391 0.226136975988 20.7966150082 7.13312730121 20.7737199333
893 392 0.226165454837 20.8218585749 7.13312730121 20.7989898732
894 393 0.226193830319 20.8470700239 7.13312730121 20.8242276016
895 394 0.226222103061 20.8722494776 7.13312730121 20.8494332413
896 395 0.226250273686 20.8973970576 7.13312730121 20.8746069144
897 396 0.226278342811 20.9225128846 7.13312730121 20.8997487421
898 397 0.226306311047 20.9475970786 7.13312730121 20.9248588452
899 398 0.226334179001 20.9726497588 7.13312730121 20.9499373433
900 399 0.226361947275 20.9976710438 7.13312730121 20.9749843554
901 400 0.226389616465 21.0226610512 7.13312730121 21.0
902 401 0.226417187163 21.0476198982 7.13312730121 21.0249843945
903 402 0.226444659955 21.072547701 7.13312730121 21.0499376558
904 403 0.226472035423 21.0974445752 7.13312730121 21.0748598999
905 404 0.226499314143 21.1223106357 7.13312730121 21.0997512422
906 405 0.226526496688 21.1471459965 7.13312730121 21.1246117975
907 406 0.226553583625 21.1719507712 7.13312730121 21.1494416796
908 407 0.226580575517 21.1967250725 7.13312730121 21.1742410018
909 408 0.22660747292 21.2214690124 7.13312730121 21.1990098767
910 409 0.22663427639 21.2461827024 7.13312730121 21.2237484162
911 410 0.226660986474 21.2708662531 7.13312730121 21.2484567313
912 411 0.226687603716 21.2955197745 7.13312730121 21.2731349327
913 412 0.226714128658 21.320143376 7.13312730121 21.2977831302
914 413 0.226740561833 21.3447371663 7.13312730121 21.3224014329
915 414 0.226766903774 21.3693012535 7.13312730121 21.3469899494
916 415 0.226793155007 21.3938357448 7.13312730121 21.3715487875
917 416 0.226819316054 21.418340747 7.13312730121 21.3960780544
918 417 0.226845387435 21.4428163663 7.13312730121 21.4205778567
919 418 0.226871369662 21.467262708 7.13312730121 21.4450483003
920 419 0.226897263247 21.4916798771 7.13312730121 21.4694894905
921 420 0.226923068694 21.5160679777 7.13312730121 21.4939015319
922 421 0.226948786507 21.5404271135 7.13312730121 21.5182845287
923 422 0.226974417182 21.5647573873 7.13312730121 21.5426385842
924 423 0.226999961214 21.5890589016 7.13312730121 21.5669638012
925 424 0.227025419092 21.6133317581 7.13312730121 21.591260282
926 425 0.227050791303 21.637576058 7.13312730121 21.6155281281
927 426 0.22707607833 21.6617919019 7.13312730121 21.6397674406
928 427 0.227101280649 21.6859793897 7.13312730121 21.6639783198
929 428 0.227126398737 21.7101386208 7.13312730121 21.6881608656
930 429 0.227151433065 21.7342696941 7.13312730121 21.7123151772
931 430 0.227176384098 21.7583727078 7.13312730121 21.7364413533
932 431 0.227201252302 21.7824477596 7.13312730121 21.760539492
933 432 0.227226038135 21.8064949465 7.13312730121 21.7846096908
934 433 0.227250742055 21.8305143652 7.13312730121 21.8086520467
935 434 0.227275364515 21.8545061115 7.13312730121 21.832666656
936 435 0.227299905963 21.878470281 7.13312730121 21.8566536146
937 436 0.227324366846 21.9024069686 7.13312730121 21.8806130178
938 437 0.227348747606 21.9263162686 7.13312730121 21.9045449604
939 438 0.227373048682 21.9501982747 7.13312730121 21.9284495365
940 439 0.227397270509 21.9740530803 7.13312730121 21.9523268398
941 440 0.227421413521 21.9978807782 7.13312730121 21.9761769634
942 441 0.227445478146 22.0216814605 7.13312730121 22.0
943 442 0.22746946481 22.0454552189 7.13312730121 22.0237960416
944 443 0.227493373936 22.0692021446 7.13312730121 22.0475651798
945 444 0.227517205942 22.0929223283 7.13312730121 22.0713075057
946 445 0.227540961245 22.1166158602 7.13312730121 22.0950231097
947 446 0.227564640258 22.1402828298 7.13312730121 22.1187120819
948 447 0.227588243391 22.1639233264 7.13312730121 22.1423745119
949 448 0.22761177105 22.1875374385 7.13312730121 22.1660104885
950 449 0.22763522364 22.2111252545 7.13312730121 22.1896201004
951 450 0.227658601561 22.2346868618 7.13312730121 22.2132034356
952 451 0.22768190521 22.2582223477 7.13312730121 22.2367605816
953 452 0.227705134983 22.2817317989 7.13312730121 22.2602916255
954 453 0.227728291271 22.3052153016 7.13312730121 22.2837966538
955 454 0.227751374463 22.3286729416 7.13312730121 22.3072757527
956 455 0.227774384945 22.3521048041 7.13312730121 22.3307290077
957 456 0.2277973231 22.375510974 7.13312730121 22.3541565041
958 457 0.227820189309 22.3988915355 7.13312730121 22.3775583264
959 458 0.227842983949 22.4222465727 7.13312730121 22.400934559
960 459 0.227865707395 22.4455761688 7.13312730121 22.4242852856
961 460 0.227888360019 22.4688804069 7.13312730121 22.4476105895
962 461 0.22791094219 22.4921593695 7.13312730121 22.4709105536
963 462 0.227933454274 22.5154131386 7.13312730121 22.4941852602
964 463 0.227955896636 22.5386417959 7.13312730121 22.5174347914
965 464 0.227978269636 22.5618454227 7.13312730121 22.5406592285
966 465 0.228000573634 22.5850240995 7.13312730121 22.5638586528
967 466 0.228022808985 22.6081779069 7.13312730121 22.5870331449
968 467 0.228044976043 22.6313069246 7.13312730121 22.610182785
969 468 0.228067075159 22.6544112321 7.13312730121 22.6333076528
970 469 0.228089106681 22.6774909085 7.13312730121 22.6564078277
971 470 0.228111070955 22.7005460324 7.13312730121 22.6794833887
972 471 0.228132968324 22.7235766819 7.13312730121 22.7025344142
973 472 0.22815479913 22.746582935 7.13312730121 22.7255609824
974 473 0.22817656371 22.7695648689 7.13312730121 22.7485631709
975 474 0.228198262401 22.7925225606 7.13312730121 22.7715410571
976 475 0.228219895536 22.8154560867 7.13312730121 22.7944947177
977 476 0.228241463448 22.8383655234 7.13312730121 22.8174242293
978 477 0.228262966464 22.8612509464 7.13312730121 22.8403296678
979 478 0.228284404912 22.884112431 7.13312730121 22.8632111091
980 479 0.228305779115 22.9069500523 7.13312730121 22.8860686282
981 480 0.228327089396 22.9297638849 7.13312730121 22.9089023002
982 481 0.228348336075 22.9525540029 7.13312730121 22.9317121995
983 482 0.22836951947 22.9753204801 7.13312730121 22.9544984001
984 483 0.228390639894 22.9980633901 7.13312730121 22.9772609758
985 484 0.228411697663 23.0207828057 7.13312730121 23.0
986 485 0.228432693086 23.0434787997 7.13312730121 23.0227155455
987 486 0.228453626472 23.0661514444 7.13312730121 23.045407685
988 487 0.228474498129 23.0888008117 7.13312730121 23.0680764907
989 488 0.22849530836 23.1114269732 7.13312730121 23.0907220344
990 489 0.228516057468 23.1340300001 7.13312730121 23.1133443875
991 490 0.228536745753 23.1566099632 7.13312730121 23.1359436212
992 491 0.228557373514 23.1791669329 7.13312730121 23.1585198062
993 492 0.228577941047 23.2017009794 7.13312730121 23.1810730128
994 493 0.228598448645 23.2242121725 7.13312730121 23.2036033112
995 494 0.228618896602 23.2467005814 7.13312730121 23.2261107709
996 495 0.228639285207 23.2691662754 7.13312730121 23.2485954613
997 496 0.228659614748 23.291609323 7.13312730121 23.2710574513
998 497 0.228679885512 23.3140297926 7.13312730121 23.2934968096
999 498 0.228700097783 23.3364277524 7.13312730121 23.3159136044
1000 499 0.228720251844 23.3588032698 7.13312730121 23.3383079037
1001 500 0.228740347974 23.3811564123 7.13312730121 23.360679775
1002 501 0.228760386452 23.4034872469 7.13312730121 23.3830292856
1003 502 0.228780367556 23.4257958402 7.13312730121 23.4053565024
1004 503 0.228800291559 23.4480822585 7.13312730121 23.427661492
