506 5 0.00337914710699 6.0300310649 6.02920371045 3.2360679775
507 6 0.00337944023302 6.0300327516 6.02920371045 3.44948974278
508 7 0.00337976635078 6.03003463066 6.02920371045 3.64575131106
509 8 0.00338013136106 6.03003673699 6.02920371045 3.82842712475
510 9 0.00338054266073 6.03003911447 6.02920371045 4.0
511 10 0.00338100964879 6.03004181907 6.02920371045 4.16227766017
512 11 0.00338154445284 6.03004492327 6.02920371045 4.31662479036
513 12 0.00338216299628 6.0300485227 6.02920371045 4.46410161514
514 13 0.00338288660895 6.03005274613 6.02920371045 4.60555127546
515 14 0.00338374453345 6.03005777122 6.02920371045 4.74165738677
516 15 0.0033847779675 6.03006385014 6.02920371045 4.87298334621
517 16 0.00338604686531 6.03007135318 6.02920371045 5.0
518 17 0.00338764197506 6.0300808471 6.02920371045 5.12310562562
519 18 0.0033897075059 6.03009324539 6.02920371045 5.24264068712
520 19 0.00339248725972 6.0301101211 6.02920371045 5.35889894354
521 20 0.00339642847921 6.03013443308 6.02920371045 5.472135955
522 21 0.003402450048 6.03017248192 6.02920371045 5.58257569496
523 22 0.0034127910276 6.03024047677 6.02920371045 5.69041575982
524 23 0.00343486337273 6.03039653823 6.02920371045 5.79583152331
525 24 0.00355633255695 6.03111502489 6.02920371045 5.89897948557
526 25 0.154968868315 6.07432161749 6.02920371045 6.0
527 26 0.173168951527 6.16959753532 6.02920371045 6.09901951359
528 27 0.176459487001 6.26500029803 6.02920371045 6.19615242271
529 28 0.17809456613 6.35908580956 6.02920371045 6.29150262213
530 29 0.179254286055 6.45168930217 6.02920371045 6.38516480713
531 30 0.180213411986 6.54281086929 6.02920371045 6.47722557505
532 31 0.181065740637 6.6324912227 6.02920371045 6.56776436283
533 32 0.181851224059 6.72078278764 6.02920371045 6.65685424949
534 33 0.182589620435 6.80774057019 6.02920371045 6.74456264654
535 34 0.18329184872 6.8934187842 6.02920371045 6.83095189485
536 35 0.183964501356 6.97786952918 6.02920371045 6.9160797831
537 36 0.184611864064 7.06114229835 6.02920371045 7.0
538 37 0.185236905573 7.14328385121 6.02920371045 7.0827625303
539 38 0.18584179859 7.22433825266 6.02920371045 7.16441400297
540 39 0.186428210459 7.30434698818 6.02920371045 7.2449979984
541 40 0.186997473416 7.38334911115 6.02920371045 7.32455532034
542 41 0.187550688523 7.46138140047 6.02920371045 7.40312423743
543 42 0.188088791468 7.53847851739 6.02920371045 7.48074069841
544 43 0.188612595584 7.61467315599 6.02920371045 7.5574385243
545 44 0.189122820813 7.68999618476 6.02920371045 7.63324958071
546 45 0.18962011374 7.76447677835 6.02920371045 7.7082039325
547 46 0.190105061815 7.83814253927 6.02920371045 7.78232998313
548 47 0.190578203688 7.91101960993 6.02920371045 7.8556546004
549 48 0.191040036906 7.98313277556 6.02920371045 7.92820323028
550 49 0.19149102376 8.0545055586 6.02920371045 8.0
551 50 0.191931595834 8.12516030531 6.02920371045 8.07106781187
552 51 0.192362157611 8.19511826523 6.02920371045 8.14142842854
553 52 0.192783089386 8.26439966412 6.02920371045 8.21110255093
554 53 0.193194749659 8.33302377093 6.02920371045 8.28010988928
555 54 0.193597477143 8.40100895944 6.02920371045 8.34846922835
556 55 0.193991592459 8.46837276494 6.02920371045 8.4161984871
557 56 0.194377399599 8.53513193648 6.02920371045 8.48331477355
558 57 0.194755187199 8.60130248508 6.02920371045 8.54983443527
559 58 0.195125229653 8.66689972823 6.02920371045 8.61577310586
560 59 0.195487788109 8.73193833105 6.02920371045 8.68114574787
561 60 0.195843111358 8.7964323444 6.02920371045 8.74596669241
562 61 0.196191436629 8.86039524018 6.02920371045 8.81024967591
563 62 0.19653299032 8.92383994411 6.02920371045 8.87400787401
564 63 0.196867988655 8.98677886612 6.02920371045 8.93725393319
565 64 0.197196638289 9.04922392869 6.02920371045 9.0
566 65 0.197519136867 9.11118659317 6.02920371045 9.0622577483
567 66 0.197835673534 9.17267788435 6.02920371045 9.12403840464
568 67 0.198146429409 9.23370841332 6.02920371045 9.18535277187
569 68 0.198451578025 9.29428839888 6.02920371045 9.24621125124
570 69 0.198751285741 9.35442768754 6.02920371045 9.30662386292
571 70 0.199045712115 9.41413577218 6.02920371045 9.36660026534
572 71 0.199335010266 9.47342180959 6.02920371045 9.42614977318
573 72 0.199619327202 9.5322946369 6.02920371045 9.48528137424
574 73 0.199898804131 9.59076278693 6.02920371045 9.54400374532
575 74 0.200173576754 9.64883450272 6.02920371045 9.60232526704
576 75 0.200443775534 9.70651775105 6.02920371045 9.66025403784
577 76 0.200709525955 9.76382023528 6.02920371045 9.71779788708
578 77 0.200970948762 9.82074940735 6.02920371045 9.77496438739
579 78 0.201228160187 9.87731247912 6.02920371045 9.83176086633
580 79 0.201481272164 9.9335164331 6.02920371045 9.88819441732
581 80 0.20173039253 9.98936803247 6.02920371045 9.94427191
582 81 0.201975625211 10.0448738306 6.02920371045 10.0
583 82 0.202217070407 10.1000401802 6.02920371045 10.0553851381
584 83 0.202454824758 10.1548732417 6.02920371045 10.1104335791
585 84 0.202688981502 10.209378991 6.02920371045 10.1651513899
586 85 0.202919630631 10.2635632279 6.02920371045 10.2195444573
587 86 0.20314685903 10.3174315824 6.02920371045 10.2736184955
588 87 0.203370750614 10.3709895223 6.02920371045 10.3273790531
589 88 0.203591386457 10.4242423591 6.02920371045 10.3808315196
590 89 0.203808844914 10.4771952545 6.02920371045 10.4339811321
591 90 0.204023201733 10.5298532264 6.02920371045 10.4868329805
592 91 0.204234530169 10.5822211539 6.02920371045 10.5393920142
593 92 0.204442901087 10.6343037831 6.02920371045 10.5916630466
594 93 0.204648383057 10.6861057322 6.02920371045 10.643650761
595 94 0.204851042453 10.7376314956 6.02920371045 10.6953597148
596 95 0.205050943539 10.7888854494 6.02920371045 10.7467943448
597 96 0.205248148556 10.8398718549 6.02920371045 10.7979589711
598 97 0.2054427178 10.8905948634 6.02920371045 10.8488578018
599 98 0.205634709701 10.9410585198 6.02920371045 10.8994949366
600 99 0.205824180896 10.9912667663 6.02920371045 10.9498743711
601 100 0.2060111863 11.0412234464 6.02920371045 11.0
602 101 0.206195779167 11.090932308 6.02920371045 11.0498756211
603 102 0.206378011163 11.1403970067 6.02920371045 11.0995049384
604 103 0.206557932415 11.1896211092 6.02920371045 11.1488915651
605 104 0.206735591579 11.2386080961 6.02920371045 11.1980390272
606 105 0.206911035889 11.2873613648 6.02920371045 11.246950766
607 106 0.207084311212 11.3358842323 6.02920371045 11.295630141
608 107 0.207255462097 11.3841799378 6.02920371045 11.3440804328
609 108 0.207424531823 11.4322516452 6.02920371045 11.3923048454
610 109 0.207591562448 11.4801024458 6.02920371045 11.4403065089
611 110 0.207756594849 11.5277353602 6.02920371045 11.4880884817
612 111 0.207919668766 11.5751533408 6.02920371045 11.5356537529
613 112 0.208080822841 11.622359274 6.02920371045 11.5830052443
614 113 0.208240094658 11.6693559819 6.02920371045 11.6301458127
615 114 0.208397520779 11.7161462246 6.02920371045 11.677078252
616 115 0.208553136781 11.7627327022 6.02920371045 11.7238052948
617 116 0.208706977287 11.8091180562 6.02920371045 11.7703296143
618 117 0.208859075999 11.8553048715 6.02920371045 11.8166538264
619 118 0.209009465731 11.9012956781 6.02920371045 11.8627804912
620 119 0.209158178439 11.9470929528 6.02920371045 11.9087121146
621 120 0.209305245246 11.9926991205 6.02920371045 11.9544511501
622 121 0.209450696473 12.0381165559 6.02920371045 12.0
623 122 0.209594561666 12.0833475849 6.02920371045 12.0453610172
624 123 0.209736869617 12.1283944859 6.02920371045 12.0905365064
625 124 0.209877648393 12.1732594915 6.02920371045 12.1355287257
626 125 0.210016925355 12.2179447892 6.02920371045 12.1803398875
627 126 0.210154727186 12.2624525232 6.02920371045 12.2249721603
628 127 0.210291079906 12.3067847953 6.02920371045 12.2694276696
629 128 0.2104260089 12.350943666 6.02920371045 12.313708499
630 129 0.210559538931 12.394931156 6.02920371045 12.3578166916
631 130 0.210691694163 12.4387492469 6.02920371045 12.401754251
632 131 0.210822498181 12.4823998824 6.02920371045 12.4455231423
633 132 0.210951974006 12.5258849694 6.02920371045 12.4891252931
634 133 0.21108014411 12.5692063786 6.02920371045 12.5325625947
635 134 0.211207030439 12.612365946 6.02920371045 12.5758369028
636 135 0.211332654424 12.6553654733 6.02920371045 12.6189500386
637 136 0.211457036998 12.6982067292 6.02920371045 12.6619037897
638 137 0.211580198611 12.7408914499 6.02920371045 12.7046999107
639 138 0.211702159241 12.78342134 6.02920371045 12.7473401245
640 139 0.211822938415 12.8257980737 6.02920371045 12.7898261226
641 140 0.211942555213 12.8680232948 6.02920371045 12.8321595662
642 141 0.212061028289 12.9100986181 6.02920371045 12.874342087
643 142 0.212178375878 12.9520256301 6.02920371045 12.9163752878
644 143 0.212294615811 12.9938058891 6.02920371045 12.9582607431
645 144 0.212409765525 13.0354409265 6.02920371045 13.0
646 145 0.212523842073 13.0769322473 6.02920371045 13.0415945788
647 146 0.212636862137 13.1182813306 6.02920371045 13.0830459736
648 147 0.212748842039 13.1594896302 6.02920371045 13.124355653
649 148 0.212859797746 13.2005585754 6.02920371045 13.1655250606
650 149 0.212969744888 13.2414895715 6.02920371045 13.2065556157
651 150 0.213078698757 13.2822840002 6.02920371045 13.2474487139
652 151 0.213186674325 13.3229432203 6.02920371045 13.2882057274
653 152 0.213293686249 13.3634685684 6.02920371045 13.3288280059
654 153 0.213399748879 13.4038613589 6.02920371045 13.3693168769
655 154 0.213504876266 13.4441228851 6.02920371045 13.409673646
656 155 0.213609082174 13.4842544193 6.02920371045 13.449899598
657 156 0.213712380081 13.5242572132 6.02920371045 13.4899959968
658 157 0.213814783191 13.5641324988 6.02920371045 13.5299640861
659 158 0.213916304441 13.6038814884 6.02920371045 13.56980509
660 159 0.214016956507 13.6435053752 6.02920371045 13.6095202129
661 160 0.214116751808 13.6830053339 6.02920371045 13.6491106407
662 161 0.21421570252 13.7223825207 6.02920371045 13.6885775404
663 162 0.214313820573 13.761638074 6.02920371045 13.7279220614
664 163 0.214411117665 13.8007731148 6.02920371045 13.7671453348
665 164 0.214507605263 13.8397887469 6.02920371045 13.8062484749
666 165 0.21460329461 13.8786860572 6.02920371045 13.8452325787
667 166 0.214698196733 13.9174661166 6.02920371045 13.8840987267
668 167 0.214792322444 13.9561299795 6.02920371045 13.9228479833
669 168 0.21488568235 13.9946786848 6.02920371045 13.9614813968
670 169 0.214978286853 14.033113256 6.02920371045 14.0
671 170 0.215070146161 14.0714347015 6.02920371045 14.0384048104
672 171 0.215161270286 14.109644015 6.02920371045 14.0766968306
673 172 0.215251669054 14.1477421756 6.02920371045 14.1148770486
674 173 0.215341352108 14.1857301482 6.02920371045 14.152946438
675 174 0.215430328911 14.2236088841 6.02920371045 14.1909059583
676 175 0.215518608751 14.2613793206 6.02920371045 14.2287565553
677 176 0.215606200747 14.299042382 6.02920371045 14.2664991614
678 177 0.215693113849 14.3365989793 6.02920371045 14.3041346957
679 178 0.215779356847 14.3740500107 6.02920371045 14.3416640641
680 179 0.215864938369 14.4113963621 6.02920371045 14.3790881603
681 180 0.215949866891 14.4486389067 6.02920371045 14.416407865
682 181 0.216034150735 14.4857785058 6.02920371045 14.4536240471
683 182 0.216117798076 14.522816009 6.02920371045 14.4907375632
684 183 0.216200816943 14.559752254 6.02920371045 14.5277492585
685 184 0.216283215224 14.5965880672 6.02920371045 14.5646599663
686 185 0.21636500067 14.6333242639 6.02920371045 14.6014705087
687 186 0.216446180895 14.6699616483 6.02920371045 14.638181697
688 187 0.216526763381 14.7065010139 6.02920371045 14.6747943312
689 188 0.216606755482 14.7429431438 6.02920371045 14.7113092008
690 189 0.216686164424 14.7792888103 6.02920371045 14.7477270849
691 190 0.21676499731 14.8155387759 6.02920371045 14.7840487521
692 191 0.216843261123 14.851693793 6.02920371045 14.8202749611
693 192 0.216920962726 14.8877546042 6.02920371045 14.8564064606
694 193 0.216998108868 14.9237219423 6.02920371045 14.8924439894
695 194 0.217074706184 14.959596531 6.02920371045 14.9283882772
696 195 0.217150761197 14.9953790842 6.02920371045 14.9642400438
697 196 0.217226280325 15.0310703073 6.02920371045 15.0
698 197 0.217301269875 15.0666708961 6.02920371045 15.0356688476
699 198 0.217375736054 15.1021815382 6.02920371045 15.0712472795
700 199 0.217449684967 15.137602912 6.02920371045 15.1067359797
701 200 0.217523122618 15.1729356879 6.02920371045 15.1421356237
702 201 0.217596054914 15.2081805275 6.02920371045 15.1774468788
703 202 0.217668487667 15.2433380846 6.02920371045 15.2126704036
704 203 0.217740426595 15.2784090047 6.02920371045 15.2478068488
705 204 0.217811877324 15.3133939255 6.02920371045 15.2828568571
706 205 0.217882845393 15.3482934767 6.02920371045 15.3178210633
707 206 0.217953336251 15.3831082806 6.02920371045 15.3527000944
708 207 0.21802335526 15.4178389519 6.02920371045 15.3874945699
709 208 0.2180929077 15.4524860979 6.02920371045 15.4222051019
710 209 0.218161998767 15.4870503185 6.02920371045 15.4568322948
711 210 0.218230633577 15.5215322066 6.02920371045 15.4913767462
712 211 0.218298817166 15.5559323481 6.02920371045 15.5258390463
713 212 0.218366554492 15.5902513218 6.02920371045 15.5602197786
714 213 0.218433850438 15.6244896998 6.02920371045 15.5945195193
715 214 0.21850070981 15.6586480476 6.02920371045 15.6287388383
716 215 0.218567137344 15.692726924 6.02920371045 15.6628782986
717 216 0.218633137702 15.7267268814 6.02920371045 15.6969384567
718 217 0.218698715476 15.7606484656 6.02920371045 15.7309198627
719 218 0.218763875188 15.7944922165 6.02920371045 15.7648230602
720 219 0.218828621295 15.8282586676 6.02920371045 15.7986485869
721 220 0.218892958185 15.8619483463 6.02920371045 15.8323969742
722 221 0.218956890182 15.8955617742 6.02920371045 15.8660687473
723 222 0.219020421546 15.9290994669 6.02920371045 15.8996644258
724 223 0.219083556473 15.9625619342 6.02920371045 15.9331845231
725 224 0.2191462991 15.9959496803 6.02920371045 15.9666295471
726 225 0.219208653502 16.0292632036 6.02920371045 16.0
727 226 0.219270623695 16.0625029973 6.02920371045 16.0332963784
728 227 0.219332213636 16.0956695489 6.02920371045 16.0665191733
729 228 0.219393427228 16.1287633405 6.02920371045 16.0996688705
730 229 0.219454268314 16.1617848492 6.02920371045 16.1327459504
731 230 0.219514740684 16.1947345468 6.02920371045 16.1657508881
732 231 0.219574848075 16.2276128998 6.02920371045 16.1986841536
733 232 0.21963459417 16.26042037 6.02920371045 16.2315462117
734 233 0.219693982599 16.2931574139 6.02920371045 16.2643375225
735 234 0.219753016943 16.3258244833 6.02920371045 16.2970585408
736 235 0.219811700732 16.3584220253 6.02920371045 16.3297097168
737 236 0.219870037445 16.390950482 6.02920371045 16.3622914957
738 237 0.219928030516 16.423410291 6.02920371045 16.3948043183
739 238 0.219985683329 16.4558018853 6.02920371045 16.4272486205
740 239 0.220042999223 16.4881256932 6.02920371045 16.4596248337
741 240 0.220099981488 16.5203821388 6.02920371045 16.4919333848
742 241 0.220156633374 16.5525716415 6.02920371045 16.5241746963
743 242 0.220212958082 16.5846946167 6.02920371045 16.5563491861
744 243 0.220268958772 16.6167514752 6.02920371045 16.5884572681
745 244 0.220324638562 16.6487426239 6.02920371045 16.6204993518
746 245 0.220380000525 16.6806684651 6.02920371045 16.6524758425
747 246 0.220435047697 16.7125293975 6.02920371045 16.6843871414
748 247 0.220489783069 16.7443258154 6.02920371045 16.7162336455
749 248 0.220544209595 16.7760581094 6.02920371045 16.748015748
750 249 0.22059833019 16.807726666 6.02920371045 16.7797338381
751 250 0.220652147729 16.8393318677 6.02920371045 16.8113883008
752 251 0.220705665049 16.8708740936 6.02920371045 16.8429795178
753 252 0.220758884952 16.9023537186 6.02920371045 16.8745078664
754 253 0.220811810202 16.9337711143 6.02920371045 16.9059737206
755 254 0.220864443527 16.9651266481 6.02920371045 16.9373774505
756 255 0.220916787619 16.9964206844 6.02920371045 16.9687194227
757 256 0.220968845136 17.0276535837 6.02920371045 17.0
758 257 0.221020618703 17.0588257029 6.02920371045 17.0312195419
759 258 0.221072110909 17.0899373958 6.02920371045 17.0623784042
760 259 0.221123324312 17.1209890123 6.02920371045 17.0934769394
761 260 0.221174261436 17.1519808995 6.02920371045 17.1245154966
762 261 0.221224924774 17.1829134006 6.02920371045 17.1554944214
763 262 0.221275316787 17.213786856 6.02920371045 17.1864140562
764 263 0.221325439905 17.2446016025 6.02920371045 17.2172747402
765 264 0.221375296528 17.275357974 6.02920371045 17.2480768093
766 265 0.221424889024 17.306056301 6.02920371045 17.2788205961
767 266 0.221474219736 17.3366969111 6.02920371045 17.3095064303
768 267 0.221523290973 17.3672801286 6.02920371045 17.3401346384
769 268 0.221572105018 17.3978062751 6.02920371045 17.3707055437
770 269 0.221620664126 17.4282756688 6.02920371045 17.4012194669
771 270 0.221668970524 17.4586886253 6.02920371045 17.4316767252
772 271 0.221717026411 17.4890454571 6.02920371045 17.4620776332
773 272 0.22176483396 17.5193464739 6.02920371045 17.4924225025
774 273 0.221812395317 17.5495919826 6.02920371045 17.5227116419
775 274 0.221859712603 17.5797822871 6.02920371045 17.5529453572
776 275 0.221906787912 17.6099176887 6.02920371045 17.5831239518
777 276 0.221953623315 17.639998486 6.02920371045 17.6132477258
778 277 0.222000220856 17.6700249749 6.02920371045 17.6433169771
779 278 0.222046582556 17.6999974484 6.02920371045 17.6733320005
780 279 0.222092710411 17.7299161973 6.02920371045 17.7032930885
781 280 0.222138606394 17.7597815093 6.02920371045 17.7332005307
782 281 0.222184272454 17.7895936699 6.02920371045 17.7630546142
783 282 0.222229710518 17.819352962 6.02920371045 17.7928556237
784 283 0.22227492249 17.8490596659 6.02920371045 17.8226038413
785 284 0.222319910251 17.8787140595 6.02920371045 17.8522995464
786 285 0.222364675662 17.9083164183 6.02920371045 17.8819430161
787 286 0.222409220561 17.9378670153 6.02920371045 17.9115345253
788 287 0.222453546763 17.9673661212 6.02920371045 17.9410743461
789 288 0.222497656066 17.9968140043 6.02920371045 17.9705627485
790 289 0.222541550245 18.0262109305 6.02920371045 18.0
791 290 0.222585231053 18.0555571635 6.02920371045 18.0293863659
792 291 0.222628700227 18.0848529649 6.02920371045 18.0587221092
793 292 0.222671959482 18.1140985937 6.02920371045 18.0880074906
794 293 0.222715010512 18.143294307 6.02920371045 18.1172427686
795 294 0.222757854995 18.1724403595 6.02920371045 18.1464281995
796 295 0.222800494588 18.2015370039 6.02920371045 18.1755640373
797 296 0.22284293093 18.2305844906 6.02920371045 18.2046505341
798 297 0.222885165641 18.259583068 6.02920371045 18.2336879396
799 298 0.222927200325 18.2885329825 6.02920371045 18.2626765016
800 299 0.222969036565 18.3174344782 6.02920371045 18.2916164658
801 300 0.223010675929 18.3462877974 6.02920371045 18.3205080757
802 301 0.223052119966 18.3750931803 6.02920371045 18.3493515729
803 302 0.22309337021 18.403850865 6.02920371045 18.378147197
804 303 0.223134428175 18.4325610877 6.02920371045 18.4068951855
805 304 0.223175295361 18.4612240828 6.02920371045 18.4355957742
806 305 0.223215973252 18.4898400826 6.02920371045 18.4642491966
807 306 0.223256463313 18.5184093177 6.02920371045 18.4928556845
808 307 0.223296766995 18.5469320164 6.02920371045 18.5214154679
809 308 0.223336885734 18.5754084057 6.02920371045 18.5499287748
810 309 0.223376820949 18.6038387104 6.02920371045 18.5783958312
811 310 0.223416574044 18.6322231536 6.02920371045 18.6068168617
812 311 0.223456146409 18.6605619565 6.02920371045 18.6351920885
813 312 0.223495539419 18.6888553387 6.02920371045 18.6635217327
814 313 0.223534754432 18.717103518 6.02920371045 18.691806013
815 314 0.223573792794 18.7453067103 6.02920371045 18.7200451467
816 315 0.223612655837 18.7734651299 6.02920371045 18.7482393493
817 316 0.223651344878 18.8015789896 6.02920371045 18.7763888346
818 317 0.223689861219 18.8296485001 6.02920371045 18.8044938148
819 318 0.223728206151 18.8576738708 6.02920371045 18.8325545001
820 319 0.223766380949 18.8856553093 6.02920371045 18.8605710995
821 320 0.223804386876 18.9135930217 6.02920371045 18.88854382
822 321 0.223842225181 18.9414872122 6.02920371045 18.9164728672
823 322 0.223879897102 18.9693380839 6.02920371045 18.9443584449
824 323 0.223917403863 18.9971458378 6.02920371045 18.9722007556
825 324 0.223954746674 19.0249106736 6.02920371045 19.0
826 325 0.223991926734 19.0526327897 6.02920371045 19.0277563773
827 326 0.22402894523 19.0803123824 6.02920371045 19.0554700853
828 327 0.224065803337 19.1079496471 6.02920371045 19.08314132
829 328 0.224102502217 19.1355447774 6.02920371045 19.1107702763
830 329 0.22413904302 19.1630979653 6.02920371045 19.1383571472
831 330 0.224175426885 19.1906094017 6.02920371045 19.1659021246
832 331 0.224211654941 19.2180792757 6.02920371045 19.1934053987
833 332 0.224247728304 19.2455077753 6.02920371045 19.2208671583
834 333 0.224283648077 19.2728950869 6.02920371045 19.2482875909
835 334 0.224319415356 19.3002413955 6.02920371045 19.2756668825
836 335 0.224355031223 19.3275468848 6.02920371045 19.3030052177
837 336 0.22439049675 19.354811737 6.02920371045 19.3303027798
838 337 0.224425813 19.3820361332 6.02920371045 19.3575597507
839 338 0.224460981023 19.4092202529 6.02920371045 19.3847763109
840 339 0.224496001859 19.4363642743 6.02920371045 19.4119526395
841 340 0.22453087654 19.4634683744 6.02920371045 19.4390889146
842 341 0.224565606086 19.490532729 6.02920371045 19.4661853126
843 342 0.224600191508 19.5175575124 6.02920371045 19.4932420089
844 343 0.224634633805 19.5445428976 6.02920371045 19.5202591775
845 344 0.224668933968 19.5714890566 6.02920371045 19.547236991
846 345 0.224703092979 19.5983961599 6.02920371045 19.574175621
847 346 0.22473711181 19.6252643769 6.02920371045 19.6010752377
848 347 0.224770991423 19.6520938758 6.02920371045 19.6279360102
849 348 0.224804732771 19.6788848235 6.02920371045 19.6547581062
850 349 0.224838336798 19.7056373857 6.02920371045 19.6815416923
851 350 0.224871804439 19.732351727 6.02920371045 19.7082869339
852 351 0.224905136619 19.7590280108 6.02920371045 19.7349939952
853 352 0.224938334257 19.7856663993 6.02920371045 19.7616630393
854 353 0.224971398261 19.8122670536 6.02920371045 19.7882942281
855 354 0.225004329529 19.8388301337 6.02920371045 19.8148877222
856 355 0.225037128955 19.8653557982 6.02920371045 19.8414436814
857 356 0.225069797421 19.891844205 6.02920371045 19.8679622641
858 357 0.225102335802 19.9182955107 6.02920371045 19.8944436277
859 358 0.225134744963 19.9447098706 6.02920371045 19.9208879284
860 359 0.225167025765 19.9710874393 6.02920371045 19.9472953215
861 360 0.225199179057 19.9974283701 6.02920371045 19.973665961
862 361 0.225231205681 20.0237328152 6.02920371045 20.0
863 362 0.225263106474 20.0500009259 6.02920371045 20.0262975904
864 363 0.225294882261 20.0762328524 6.02920371045 20.0525588833
865 364 0.225326533862 20.1024287438 6.02920371045 20.0787840283
866 365 0.225358062089 20.1285887482 6.02920371045 20.1049731745
867 366 0.225389467746 20.1547130128 6.02920371045 20.1311264697
868 367 0.225420751632 20.1808016837 6.02920371045 20.1572440607
869 368 0.225451914535 20.206854906 6.02920371045 20.1833260933
870 369 0.225482957238 20.2328728238 6.02920371045 20.2093727123
871 370 0.225513880518 20.2588555803 6.02920371045 20.2353840617
872 371 0.225544685141 20.2848033177 6.02920371045 20.2613602843
873 372 0.225575371871 20.3107161773 6.02920371045 20.287301522
874 373 0.225605941462 20.3365942994 6.02920371045 20.3132079158
875 374 0.225636394662 20.3624378232 6.02920371045 20.3390796058
876 375 0.225666732213 20.3882468872 6.02920371045 20.364916731
877 376 0.225696954848 20.414021629 6.02920371045 20.3907194297
878 377 0.225727063297 20.4397621852 6.02920371045 20.4164878389
879 378 0.225757058281 20.4654686913 6.02920371045 20.4422220952
880 379 0.225786940516 20.4911412823 6.02920371045 20.4679223339
881 380 0.22581671071 20.516780092 6.02920371045 20.4935886896
882 381 0.225846369566 20.5423852535 6.02920371045 20.5192212959
883 382 0.22587591778 20.5679568989 6.02920371045 20.5448202857
884 383 0.225905356044 20.5934951595 6.02920371045 20.5703857908
885 384 0.225934685042 20.6190001658 6.02920371045 20.5959179423
886 385 0.225963905452 20.6444720473 6.02920371045 20.6214168703
887 386 0.225993017947 20.6699109328 6.02920371045 20.6468827044
888 387 0.226022023193 20.6953169503 6.02920371045 20.6723155729
889 388 0.226050921852 20.7206902268 6.02920371045 20.6977156036
890 389 0.226079714579 20.7460308885 6.02920371045 20.7230829233
891 390 0.226108402023 20.7713390611 6.02920371045 20.7484176581
892 391 0.226136984828 20.7966148691 6.02920371045 20.7737199333
893 392 0.226165463633 20.8218584364 6.02920371045 20.7989898732
894 393 0.226193839072 20.8470698861 6.02920371045 20.8242276016
895 394 0.226222111771 20.8722493405 6.02920371045 20.8494332413
896 395 0.226250282352 20.8973969212 6.02920371045 20.8746069144
897 396 0.226278351434 20.9225127488 6.02920371045 20.8997487421
898 397 0.226306319628 20.9475969435 6.02920371045 20.9248588452
899 398 0.22633418754 20.9726496243 6.02920371045 20.9499373433
900 399 0.226361955772 20.9976709099 6.02920371045 20.9749843554
901 400 0.22638962492 21.022660918 6.02920371045 21.0
902 401 0.226417195577 21.0476197657 6.02920371045 21.0249843945
903 402 0.226444668327 21.0725475691 6.02920371045 21.0499376558
904 403 0.226472043754 21.0974444439 6.02920371045 21.0748598999
905 404 0.226499322434 21.122310505 6.02920371045 21.0997512422
906 405 0.226526504938 21.1471458665 6.02920371045 21.1246117975
907 406 0.226553591834 21.1719506418 6.02920371045 21.1494416796
908 407 0.226580583686 21.1967249437 6.02920371045 21.1742410018
909 408 0.226607481049 21.2214688842 6.02920371045 21.1990098767
910 409 0.226634284479 21.2461825748 6.02920371045 21.2237484162
911 410 0.226660994524 21.2708661261 6.02920371045 21.2484567313
912 411 0.226687611727 21.2955196481 6.02920371045 21.2731349327
913 412 0.226714136629 21.3201432503 6.02920371045 21.2977831302
914 413 0.226740569766 21.3447370411 6.02920371045 21.3224014329
915 414 0.226766911668 21.3693011288 6.02920371045 21.3469899494
916 415 0.226793162863 21.3938356207 6.02920371045 21.3715487875
917 416 0.226819323872 21.4183406236 6.02920371045 21.3960780544
918 417 0.226845395214 21.4428162434 6.02920371045 21.4205778567
919 418 0.226871377404 21.4672625857 6.02920371045 21.4450483003
920 419 0.226897270951 21.4916797554 6.02920371045 21.4694894905
921 420 0.226923076361 21.5160678566 6.02920371045 21.4939015319
922 421 0.226948794137 21.5404269929 6.02920371045 21.5182845287
923 422 0.226974424775 21.5647572673 6.02920371045 21.5426385842
924 423 0.22699996877 21.5890587821 6.02920371045 21.5669638012
925 424 0.227025426612 21.6133316392 6.02920371045 21.591260282
926 425 0.227050798787 21.6375759396 6.02920371045 21.6155281281
927 426 0.227076085778 21.661791784 6.02920371045 21.6397674406
928 427 0.227101288062 21.6859792724 6.02920371045 21.6639783198
929 428 0.227126406114 21.7101385041 6.02920371045 21.6881608656
930 429 0.227151440406 21.7342695779 6.02920371045 21.7123151772
931 430 0.227176391404 21.7583725921 6.02920371045 21.7364413533
932 431 0.227201259573 21.7824476444 6.02920371045 21.760539492
933 432 0.227226045372 21.8064948318 6.02920371045 21.7846096908
934 433 0.227250749257 21.830514251 6.02920371045 21.8086520467
935 434 0.227275371682 21.8545059979 6.02920371045 21.832666656
936 435 0.227299913096 21.878470168 6.02920371045 21.8566536146
937 436 0.227324373945 21.902406856 6.02920371045 21.8806130178
938 437 0.227348754671 21.9263161565 6.02920371045 21.9045449604
939 438 0.227373055714 21.9501981631 6.02920371045 21.9284495365
940 439 0.227397277508 21.9740529693 6.02920371045 21.9523268398
941 440 0.227421420487 21.9978806676 6.02920371045 21.9761769634
942 441 0.227445485079 22.0216813504 6.02920371045 22.0
943 442 0.22746947171 22.0454551093 6.02920371045 22.0237960416
944 443 0.227493380803 22.0692020355 6.02920371045 22.0475651798
945 444 0.227517212777 22.0929222197 6.02920371045 22.0713075057
946 445 0.227540968048 22.1166157521 6.02920371045 22.0950231097
947 446 0.227564647029 22.1402827222 6.02920371045 22.1187120819
948 447 0.22758825013 22.1639232192 6.02920371045 22.1423745119
949 448 0.227611777757 22.1875373319 6.02920371045 22.1660104885
950 449 0.227635230316 22.2111251482 6.02920371045 22.1896201004
951 450 0.227658608205 22.234686756 6.02920371045 22.2132034356
952 451 0.227681911823 22.2582222424 6.02920371045 22.2367605816
953 452 0.227705141565 22.2817316941 6.02920371045 22.2602916255
954 453 0.227728297822 22.3052151972 6.02920371045 22.2837966538
955 454 0.227751380983 22.3286728377 6.02920371045 22.3072757527
956 455 0.227774391435 22.3521047007 6.02920371045 22.3307290077
957 456 0.22779732956 22.375510871 6.02920371045 22.3541565041
958 457 0.227820195739 22.398891433 6.02920371045 22.3775583264
959 458 0.227842990349 22.4222464706 6.02920371045 22.400934559
960 459 0.227865713766 22.4455760671 6.02920371045 22.4242852856
961 460 0.22788836636 22.4688803057 6.02920371045 22.4476105895
962 461 0.227910948501 22.4921592687 6.02920371045 22.4709105536
963 462 0.227933460556 22.5154130382 6.02920371045 22.4941852602
964 463 0.227955902889 22.538641696 6.02920371045 22.5174347914
965 464 0.22797827586 22.5618453232 6.02920371045 22.5406592285
966 465 0.22800057983 22.5850240005 6.02920371045 22.5638586528
967 466 0.228022815152 22.6081778082 6.02920371045 22.5870331449
968 467 0.228044982182 22.6313068264 6.02920371045 22.610182785
969 468 0.22806708127 22.6544111343 6.02920371045 22.6333076528
970 469 0.228089112764 22.6774908111 6.02920371045 22.6564078277
971 470 0.22811107701 22.7005459354 6.02920371045 22.6794833887
972 471 0.228132974351 22.7235765854 6.02920371045 22.7025344142
973 472 0.228154805129 22.7465828388 6.02920371045 22.7255609824
974 473 0.228176569682 22.7695647731 6.02920371045 22.7485631709
975 474 0.228198268345 22.7925224653 6.02920371045 22.7715410571
976 475 0.228219901454 22.8154559918 6.02920371045 22.7944947177
977 476 0.228241469338 22.8383654288 6.02920371045 22.8174242293
978 477 0.228262972328 22.8612508522 6.02920371045 22.8403296678
979 478 0.228284410749 22.8841123373 6.02920371045 22.8632111091
980 479 0.228305784926 22.906949959 6.02920371045 22.8860686282
981 480 0.228327095181 22.929763792 6.02920371045 22.9089023002
982 481 0.228348341833 22.9525539103 6.02920371045 22.9317121995
983 482 0.228369525202 22.975320388 6.02920371045 22.9544984001
984 483 0.2283906456 22.9980632983 6.02920371045 22.9772609758
985 484 0.228411703343 23.0207827143 6.02920371045 23.0
986 485 0.228432698741 23.0434787087 6.02920371045 23.0227155455
987 486 0.228453632101 23.0661513538 6.02920371045 23.045407685
988 487 0.228474503733 23.0888007215 6.02920371045 23.0680764907
989 488 0.228495313939 23.1114268834 6.02920371045 23.0907220344
990 489 0.228516063022 23.1340299106 6.02920371045 23.1133443875
991 490 0.228536751282 23.156609874 6.02920371045 23.1359436212
992 491 0.228557379018 23.1791668441 6.02920371045 23.1585198062
993 492 0.228577946526 23.201700891 6.02920371045 23.1810730128
994 493 0.2285984541 23.2242120844 6.02920371045 23.2036033112
995 494 0.228618902033 23.2467004937 6.02920371045 23.2261107709
996 495 0.228639290614 23.269166188 6.02920371045 23.2485954613
997 496 0.228659620131 23.291609236 6.02920371045 23.2710574513
998 497 0.228679890871 23.314029706 6.02920371045 23.2934968096
999 498 0.228700103119 23.3364276661 6.02920371045 23.3159136044
1000 499 0.228720257155 23.3588031839 6.02920371045 23.3383079037
1001 500 0.228740353262 23.3811563268 6.02920371045 23.360679775
1002 501 0.228760391717 23.4034871617 6.02920371045 23.3830292856
1003 502 0.228780372797 23.4257957553 6.02920371045 23.4053565024
1004 503 0.228800296777 23.448082174 6.02920371045 23.427661492
