506 5 0.0411621132004 12.693933059 12.6939183014 3.2360679775
507 6 0.0411621131528 12.6939330597 12.6939183014 3.44948974278
508 7 0.0411621131044 12.6939330605 12.6939183014 3.64575131106
509 8 0.041162113055 12.6939330612 12.6939183014 3.82842712475
510 9 0.0411621130047 12.693933062 12.6939183014 4.0
511 10 0.0411621129533 12.6939330627 12.6939183014 4.16227766017
512 11 0.041162112901 12.6939330635 12.6939183014 4.31662479036
513 12 0.0411621128476 12.6939330643 12.6939183014 4.46410161514
514 13 0.0411621127932 12.6939330652 12.6939183014 4.60555127546
515 14 0.0411621127376 12.693933066 12.6939183014 4.74165738677
516 15 0.0411621126809 12.6939330668 12.6939183014 4.87298334621
517 16 0.041162112623 12.6939330677 12.6939183014 5.0
518 17 0.041162112564 12.6939330686 12.6939183014 5.12310562562
519 18 0.0411621125036 12.6939330694 12.6939183014 5.24264068712
520 19 0.041162112442 12.6939330704 12.6939183014 5.35889894354
521 20 0.0411621123791 12.6939330713 12.6939183014 5.472135955
522 21 0.0411621123148 12.6939330722 12.6939183014 5.58257569496
523 22 0.0411621122491 12.6939330732 12.6939183014 5.69041575982
524 23 0.041162112182 12.6939330741 12.6939183014 5.79583152331
525 24 0.0411621121134 12.6939330751 12.6939183014 5.89897948557
526 25 0.0411621120432 12.6939330761 12.6939183014 6.0
527 26 0.0411621119714 12.6939330771 12.6939183014 6.09901951359
528 27 0.041162111898 12.6939330782 12.6939183014 6.19615242271
529 28 0.0411621118228 12.6939330792 12.6939183014 6.29150262213
530 29 0.0411621117459 12.6939330803 12.6939183014 6.38516480713
531 30 0.0411621116672 12.6939330814 12.6939183014 6.47722557505
532 31 0.0411621115866 12.6939330825 12.6939183014 6.56776436283
533 32 0.0411621115041 12.6939330837 12.6939183014 6.65685424949
534 33 0.0411621114195 12.6939330848 12.6939183014 6.74456264654
535 34 0.0411621113328 12.693933086 12.6939183014 6.83095189485
536 35 0.041162111244 12.6939330872 12.6939183014 6.9160797831
537 36 0.0411621111529 12.6939330884 12.6939183014 7.0
538 37 0.0411621110595 12.6939330897 12.6939183014 7.0827625303
539 38 0.0411621109637 12.693933091 12.6939183014 7.16441400297
540 39 0.0411621108654 12.6939330923 12.6939183014 7.2449979984
541 40 0.0411621107645 12.6939330936 12.6939183014 7.32455532034
542 41 0.0411621106609 12.693933095 12.6939183014 7.40312423743
543 42 0.0411621105544 12.6939330964 12.6939183014 7.48074069841
544 43 0.0411621104451 12.6939330978 12.6939183014 7.5574385243
545 44 0.0411621103328 12.6939330993 12.6939183014 7.63324958071
546 45 0.0411621102172 12.6939331008 12.6939183014 7.7082039325
547 46 0.0411621100985 12.6939331023 12.6939183014 7.78232998313
548 47 0.0411621099762 12.6939331038 12.6939183014 7.8556546004
549 48 0.0411621098505 12.6939331054 12.6939183014 7.92820323028
550 49 0.041162109721 12.6939331071 12.6939183014 8.0
551 50 0.0411621095877 12.6939331087 12.6939183014 8.07106781187
552 51 0.0411621094503 12.6939331104 12.6939183014 8.14142842854
553 52 0.0411621093088 12.6939331122 12.6939183014 8.21110255093
554 53 0.0411621091628 12.693933114 12.6939183014 8.28010988928
555 54 0.0411621090123 12.6939331158 12.6939183014 8.34846922835
556 55 0.0411621088569 12.6939331177 12.6939183014 8.4161984871
557 56 0.0411621086966 12.6939331196 12.6939183014 8.48331477355
558 57 0.041162108531 12.6939331216 12.6939183014 8.54983443527
559 58 0.0411621083598 12.6939331236 12.6939183014 8.61577310586
560 59 0.041162108183 12.6939331257 12.6939183014 8.68114574787
561 60 0.041162108 12.6939331278 12.6939183014 8.74596669241
562 61 0.0411621078107 12.69393313 12.6939183014 8.81024967591
563 62 0.0411621076148 12.6939331322 12.6939183014 8.87400787401
564 63 0.0411621074119 12.6939331345 12.6939183014 8.93725393319
565 64 0.0411621072015 12.6939331369 12.6939183014 9.0
566 65 0.0411621069835 12.6939331393 12.6939183014 9.0622577483
567 66 0.0411621067573 12.6939331419 12.6939183014 9.12403840464
568 67 0.0411621065225 12.6939331444 12.6939183014 9.18535277187
569 68 0.0411621062786 12.6939331471 12.6939183014 9.24621125124
570 69 0.0411621060251 12.6939331498 12.6939183014 9.30662386292
571 70 0.0411621057615 12.6939331526 12.6939183014 9.36660026534
572 71 0.0411621054872 12.6939331556 12.6939183014 9.42614977318
573 72 0.0411621052016 12.6939331586 12.6939183014 9.48528137424
574 73 0.041162104904 12.6939331616 12.6939183014 9.54400374532
575 74 0.0411621045937 12.6939331648 12.6939183014 9.60232526704
576 75 0.0411621042699 12.6939331681 12.6939183014 9.66025403784
577 76 0.0411621039317 12.6939331715 12.6939183014 9.71779788708
578 77 0.0411621035782 12.6939331751 12.6939183014 9.77496438739
579 78 0.0411621032085 12.6939331787 12.6939183014 9.83176086633
580 79 0.0411621028215 12.6939331825 12.6939183014 9.88819441732
581 80 0.041162102416 12.6939331864 12.6939183014 9.94427191
582 81 0.0411621019907 12.6939331904 12.6939183014 10.0
583 82 0.0411621015443 12.6939331946 12.6939183014 10.0553851381
584 83 0.0411621010752 12.693933199 12.6939183014 10.1104335791
585 84 0.0411621005818 12.6939332035 12.6939183014 10.1651513899
586 85 0.0411621000623 12.6939332082 12.6939183014 10.2195444573
587 86 0.0411620995147 12.6939332131 12.6939183014 10.2736184955
588 87 0.0411620989368 12.6939332182 12.6939183014 10.3273790531
589 88 0.0411620983263 12.6939332235 12.6939183014 10.3808315196
590 89 0.0411620976804 12.6939332291 12.6939183014 10.4339811321
591 90 0.0411620969963 12.6939332348 12.6939183014 10.4868329805
592 91 0.0411620962707 12.6939332409 12.6939183014 10.5393920142
593 92 0.0411620954999 12.6939332472 12.6939183014 10.5916630466
594 93 0.0411620946801 12.6939332538 12.6939183014 10.643650761
595 94 0.0411620938067 12.6939332607 12.6939183014 10.6953597148
596 95 0.0411620928746 12.6939332679 12.6939183014 10.7467943448
597 96 0.0411620918783 12.6939332756 12.6939183014 10.7979589711
598 97 0.0411620908113 12.6939332836 12.6939183014 10.8488578018
599 98 0.0411620896667 12.693933292 12.6939183014 10.8994949366
600 99 0.0411620884361 12.6939333009 12.6939183014 10.9498743711
601 100 0.0411620871104 12.6939333103 12.6939183014 11.0
602 101 0.0411620856791 12.6939333202 12.6939183014 11.0498756211
603 102 0.0411620841302 12.6939333307 12.6939183014 11.0995049384
604 103 0.0411620824497 12.6939333419 12.6939183014 11.1488915651
605 104 0.0411620806217 12.6939333537 12.6939183014 11.1980390272
606 105 0.0411620786277 12.6939333663 12.6939183014 11.246950766
607 106 0.041162076446 12.6939333798 12.6939183014 11.295630141
608 107 0.0411620740513 12.6939333942 12.6939183014 11.3440804328
609 108 0.0411620714138 12.6939334096 12.6939183014 11.3923048454
610 109 0.0411620684982 12.6939334261 12.6939183014 11.4403065089
611 110 0.0411620652625 12.693933444 12.6939183014 11.4880884817
612 111 0.041162061656 12.6939334632 12.6939183014 11.5356537529
613 112 0.041162057618 12.6939334841 12.6939183014 11.5830052443
614 113 0.0411620530739 12.6939335069 12.6939183014 11.6301458127
615 114 0.0411620479327 12.6939335316 12.6939183014 11.677078252
616 115 0.041162042081 12.6939335588 12.6939183014 11.7238052948
617 116 0.0411620353773 12.6939335887 12.6939183014 11.7703296143
618 117 0.0411620276422 12.6939336217 12.6939183014 11.8166538264
619 118 0.0411620186459 12.6939336585 12.6939183014 11.8627804912
620 119 0.0411620080898 12.6939336996 12.6939183014 11.9087121146
621 120 0.0411619955803 12.6939337458 12.6939183014 11.9544511501
622 121 0.0411619805899 12.6939337983 12.6939183014 12.0
623 122 0.0411619623974 12.6939338583 12.6939183014 12.0453610172
624 123 0.0411619399963 12.6939339276 12.6939183014 12.0905365064
625 124 0.0411619119465 12.6939340086 12.6939183014 12.1355287257
626 125 0.0411618761271 12.6939341045 12.6939183014 12.1803398875
627 126 0.0411618293088 12.6939342196 12.6939183014 12.2249721603
628 127 0.0411617663735 12.6939343607 12.6939183014 12.2694276696
629 128 0.041161678807 12.6939345375 12.6939183014 12.313708499
630 129 0.0411615515711 12.6939347656 12.6939183014 12.3578166916
631 130 0.0411613560008 12.6939350709 12.6939183014 12.401754251
632 131 0.041161031685 12.6939355008 12.6939183014 12.4455231423
633 132 0.041160432331 12.6939361512 12.6939183014 12.4891252931
634 133 0.0411591222784 12.6939372501 12.6939183014 12.5325625947
635 134 0.0411552638452 12.6939395053 12.6939183014 12.5758369028
636 135 0.0411321742399 12.6939467676 12.6939183014 12.6189500386
637 136 0.200275831216 12.6983204315 12.6939183014 12.6619037897
638 137 0.211479727102 12.7408954089 12.6939183014 12.7046999107
639 138 0.211675330938 12.7834200538 12.6939183014 12.7473401245
640 139 0.21181116942 12.82579501 12.6939183014 12.7898261226
641 140 0.211936243586 12.8680193818 12.6939183014 12.8321595662
642 141 0.212057282323 12.9100942362 12.6939183014 12.874342087
643 142 0.212176031981 12.9520209708 12.6939183014 12.9163752878
644 143 0.212293116966 12.993801062 12.6939183014 12.9582607431
645 144 0.212408812102 13.0354359996 12.6939183014 13.0
646 145 0.212523258775 13.0769272651 12.6939183014 13.0415945788
647 146 0.212636539697 13.1182763237 12.6939183014 13.0830459736
648 147 0.212748708887 13.1594846203 12.6939183014 13.124355653
649 148 0.212859805106 13.2005535782 12.6939183014 13.1655250606
650 149 0.212969858417 13.2414845985 12.6939183014 13.2065556157
651 150 0.213078893618 13.2822790602 12.6939183014 13.2474487139
652 151 0.213186932137 13.3229383198 12.6939183014 13.2882057274
653 152 0.213293993147 13.3634637123 12.6939183014 13.3288280059
654 153 0.213400094227 13.403856551 12.6939183014 13.3693168769
655 154 0.213505251791 13.4441181281 12.6939183014 13.409673646
656 155 0.213609481356 13.4842497153 12.6939183014 13.449899598
657 156 0.213712797729 13.5242525638 12.6939183014 13.4899959968
658 157 0.213815215133 13.5641279051 12.6939183014 13.5299640861
659 158 0.213916747296 13.603876951 12.6939183014 13.56980509
660 159 0.214017407514 13.6435008947 12.6939183014 13.6095202129
661 160 0.214117208703 13.6830009104 12.6939183014 13.6491106407
662 161 0.21421616343 13.7223781542 12.6939183014 13.6885775404
663 162 0.214314283948 13.7616337644 12.6939183014 13.7279220614
664 163 0.214411582214 13.8007688619 12.6939183014 13.7671453348
665 164 0.214508069908 13.8397845502 12.6939183014 13.8062484749
666 165 0.214603758451 13.8786819164 12.6939183014 13.8452325787
667 166 0.214698659014 13.917462031 12.6939183014 13.8840987267
668 167 0.214792782533 13.9561259486 12.6939183014 13.9228479833
669 168 0.214886139716 13.994674708 12.6939183014 13.9614813968
670 169 0.214978741052 14.0331093326 12.6939183014 14.0
671 170 0.215070596821 14.0714308309 12.6939183014 14.0384048104
672 171 0.215161717099 14.1096401964 12.6939183014 14.0766968306
673 172 0.215252111763 14.1477384083 12.6939183014 14.1148770486
674 173 0.215341790501 14.1857264315 12.6939183014 14.152946438
675 174 0.215430762815 14.2236052172 12.6939183014 14.1909059583
676 175 0.215519038026 14.2613757029 12.6939183014 14.2287565553
677 176 0.215606625282 14.2990388126 12.6939183014 14.2664991614
678 177 0.215693533557 14.3365954575 12.6939183014 14.3041346957
679 178 0.215779771661 14.3740465358 12.6939183014 14.3416640641
680 179 0.215865348243 14.4113929333 12.6939183014 14.3790881603
681 180 0.215950271792 14.4486355233 12.6939183014 14.416407865
682 181 0.216034550646 14.4857751671 12.6939183014 14.4536240471
683 182 0.21611819299 14.5228127141 12.6939183014 14.4907375632
684 183 0.216201206864 14.5597490023 12.6939183014 14.5277492585
685 184 0.216283600165 14.596584858 12.6939183014 14.5646599663
686 185 0.216365380651 14.6333210965 12.6939183014 14.6014705087
687 186 0.216446555943 14.669958522 12.6939183014 14.638181697
688 187 0.21652713353 14.7064979281 12.6939183014 14.6747943312
689 188 0.216607120768 14.7429400976 12.6939183014 14.7113092008
690 189 0.216686524889 14.7792858033 12.6939183014 14.7477270849
691 190 0.216765353 14.8155358073 12.6939183014 14.7840487521
692 191 0.216843612086 14.8516908622 12.6939183014 14.8202749611
693 192 0.216921309013 14.8877517106 12.6939183014 14.8564064606
694 193 0.216998450532 14.9237190853 12.6939183014 14.8924439894
695 194 0.217075043279 14.9595937098 12.6939183014 14.9283882772
696 195 0.21715109378 14.9953762985 12.6939183014 14.9642400438
697 196 0.217226608452 15.0310675562 12.6939183014 15.0
698 197 0.217301593606 15.0666681793 12.6939183014 15.0356688476
699 198 0.217376055447 15.1021788549 12.6939183014 15.0712472795
700 199 0.217450000081 15.1376002619 12.6939183014 15.1067359797
701 200 0.217523433513 15.1729330702 12.6939183014 15.1421356237
702 201 0.21759636165 15.2081779419 12.6939183014 15.1774468788
703 202 0.217668790303 15.2433355304 12.6939183014 15.2126704036
704 203 0.217740725192 15.2784064815 12.6939183014 15.2478068488
705 204 0.217812171942 15.3133914327 12.6939183014 15.2828568571
706 205 0.21788313609 15.3482910139 12.6939183014 15.3178210633
707 206 0.217953623086 15.3831058472 12.6939183014 15.3527000944
708 207 0.218023638293 15.4178365475 12.6939183014 15.3874945699
709 208 0.218093186988 15.452483722 12.6939183014 15.4222051019
710 209 0.218162274368 15.4870479707 12.6939183014 15.4568322948
711 210 0.218230905548 15.5215298864 12.6939183014 15.4913767462
712 211 0.218299085563 15.5559300551 12.6939183014 15.5258390463
713 212 0.21836681937 15.5902490555 12.6939183014 15.5602197786
714 213 0.218434111853 15.6244874599 12.6939183014 15.5945195193
715 214 0.218500967817 15.6586458336 12.6939183014 15.6287388383
716 215 0.218567391996 15.6927247355 12.6939183014 15.6628782986
717 216 0.218633389051 15.7267247179 12.6939183014 15.6969384567
718 217 0.218698963575 15.7606463268 12.6939183014 15.7309198627
719 218 0.218764120089 15.794490102 12.6939183014 15.7648230602
720 219 0.218828863047 15.828256577 12.6939183014 15.7986485869
721 220 0.218893196839 15.8619462793 12.6939183014 15.8323969742
722 221 0.218957125787 15.8955597304 12.6939183014 15.8660687473
723 222 0.21902065415 15.9290974459 12.6939183014 15.8996644258
724 223 0.219083786124 15.9625599357 12.6939183014 15.9331845231
725 224 0.219146525845 15.9959477039 12.6939183014 15.9666295471
726 225 0.219208877386 16.0292612491 12.6939183014 16.0
727 226 0.219270844764 16.0625010643 12.6939183014 16.0332963784
728 227 0.219332431935 16.095667637 12.6939183014 16.0665191733
729 228 0.219393642799 16.1287614495 12.6939183014 16.0996688705
730 229 0.219454481202 16.1617829787 12.6939183014 16.1327459504
731 230 0.219514950931 16.1947326965 12.6939183014 16.1657508881
732 231 0.219575055722 16.2276110695 12.6939183014 16.1986841536
733 232 0.219634799258 16.2604185592 12.6939183014 16.2315462117
734 233 0.219694185168 16.2931556225 12.6939183014 16.2643375225
735 234 0.219753217033 16.325822711 12.6939183014 16.2970585408
736 235 0.219811898381 16.3584202717 12.6939183014 16.3297097168
737 236 0.219870232692 16.3909487469 12.6939183014 16.3622914957
738 237 0.219928223398 16.4234085741 12.6939183014 16.3948043183
739 238 0.219985873883 16.4558001863 12.6939183014 16.4272486205
740 239 0.220043187484 16.488124012 12.6939183014 16.4596248337
741 240 0.220100167493 16.520380475 12.6939183014 16.4919333848
742 241 0.220156817156 16.552569995 12.6939183014 16.5241746963
743 242 0.220213139677 16.5846929871 12.6939183014 16.5563491861
744 243 0.220269138213 16.6167498623 12.6939183014 16.5884572681
745 244 0.220324815882 16.6487410274 12.6939183014 16.6204993518
746 245 0.220380175757 16.6806668849 12.6939183014 16.6524758425
747 246 0.220435220871 16.7125278333 12.6939183014 16.6843871414
748 247 0.220489954218 16.744324267 12.6939183014 16.7162336455
749 248 0.22054437875 16.7760565766 12.6939183014 16.748015748
750 249 0.22059849738 16.8077251484 12.6939183014 16.7797338381
751 250 0.220652312984 16.8393303654 12.6939183014 16.8113883008
752 251 0.220705828399 16.8708726062 12.6939183014 16.8429795178
753 252 0.220759046425 16.9023522459 12.6939183014 16.8745078664
754 253 0.220811969826 16.933769656 12.6939183014 16.9059737206
755 254 0.220864601329 16.9651252043 12.6939183014 16.9373774505
756 255 0.220916943626 16.9964192547 12.6939183014 16.9687194227
757 256 0.220968999376 17.0276521678 12.6939183014 17.0
758 257 0.221020771201 17.0588243008 12.6939183014 17.0312195419
759 258 0.221072261692 17.0899360072 12.6939183014 17.0623784042
760 259 0.221123473404 17.1209876372 12.6939183014 17.0934769394
761 260 0.221174408862 17.1519795375 12.6939183014 17.1245154966
762 261 0.221225070559 17.1829120517 12.6939183014 17.1554944214
763 262 0.221275460954 17.2137855199 12.6939183014 17.1864140562
764 263 0.221325582478 17.2446002791 12.6939183014 17.2172747402
765 264 0.221375437529 17.2753566631 12.6939183014 17.2480768093
766 265 0.221425028478 17.3060550025 12.6939183014 17.2788205961
767 266 0.221474357663 17.3366956247 12.6939183014 17.3095064303
768 267 0.221523427396 17.3672788543 12.6939183014 17.3401346384
769 268 0.221572239959 17.3978050126 12.6939183014 17.3707055437
770 269 0.221620797606 17.4282744181 12.6939183014 17.4012194669
771 270 0.221669102563 17.4586873861 12.6939183014 17.4316767252
772 271 0.22171715703 17.4890442294 12.6939183014 17.4620776332
773 272 0.221764963178 17.5193452575 12.6939183014 17.4924225025
774 273 0.221812523155 17.5495907772 12.6939183014 17.5227116419
775 274 0.22185983908 17.5797810927 12.6939183014 17.5529453572
776 275 0.221906913048 17.6099165052 12.6939183014 17.5831239518
777 276 0.221953747128 17.6399973132 12.6939183014 17.6132477258
778 277 0.222000343364 17.6700238127 12.6939183014 17.6433169771
779 278 0.222046703777 17.6999962967 12.6939183014 17.6733320005
780 279 0.222092830363 17.7299150558 12.6939183014 17.7032930885
781 280 0.222138725095 17.759780378 12.6939183014 17.7332005307
782 281 0.222184389921 17.7895925487 12.6939183014 17.7630546142
783 282 0.222229826768 17.8193518507 12.6939183014 17.7928556237
784 283 0.22227503754 17.8490585644 12.6939183014 17.8226038413
785 284 0.222320024117 17.8787129677 12.6939183014 17.8522995464
786 285 0.22236478836 17.9083153361 12.6939183014 17.8819430161
787 286 0.222409332106 17.9378659426 12.6939183014 17.9115345253
788 287 0.222453657172 17.9673650578 12.6939183014 17.9410743461
789 288 0.222497765354 17.9968129501 12.6939183014 17.9705627485
790 289 0.222541658426 18.0262098854 12.6939183014 18.0
791 290 0.222585338143 18.0555561275 12.6939183014 18.0293863659
792 291 0.22262880624 18.0848519377 12.6939183014 18.0587221092
793 292 0.222672064432 18.1140975754 12.6939183014 18.0880074906
794 293 0.222715114414 18.1432932973 12.6939183014 18.1172427686
795 294 0.222757957862 18.1724393584 12.6939183014 18.1464281995
796 295 0.222800596434 18.2015360113 12.6939183014 18.1755640373
797 296 0.222843031768 18.2305835064 12.6939183014 18.2046505341
798 297 0.222885265485 18.2595820921 12.6939183014 18.2336879396
799 298 0.222927299187 18.2885320147 12.6939183014 18.2626765016
800 299 0.222969134459 18.3174335186 12.6939183014 18.2916164658
801 300 0.223010772866 18.3462868457 12.6939183014 18.3205080757
802 301 0.22305221596 18.3750922365 12.6939183014 18.3493515729
803 302 0.223093465272 18.403849929 12.6939183014 18.378147197
804 303 0.223134522317 18.4325601594 12.6939183014 18.4068951855
805 304 0.223175388596 18.4612231622 12.6939183014 18.4355957742
806 305 0.22321606559 18.4898391696 12.6939183014 18.4642491966
807 306 0.223256554766 18.518408412 12.6939183014 18.4928556845
808 307 0.223296857575 18.5469311182 12.6939183014 18.5214154679
809 308 0.223336975451 18.5754075148 12.6939183014 18.5499287748
810 309 0.223376909815 18.6038378267 12.6939183014 18.5783958312
811 310 0.223416662069 18.632222277 12.6939183014 18.6068168617
812 311 0.223456233604 18.6605610869 12.6939183014 18.6351920885
813 312 0.223495625793 18.6888544761 12.6939183014 18.6635217327
814 313 0.223534839997 18.7171026622 12.6939183014 18.691806013
815 314 0.223573877559 18.7453058614 12.6939183014 18.7200451467
816 315 0.223612739813 18.7734642877 12.6939183014 18.7482393493
817 316 0.223651428073 18.801578154 12.6939183014 18.7763888346
818 317 0.223689943644 18.8296476712 12.6939183014 18.8044938148
819 318 0.223728287815 18.8576730484 12.6939183014 18.8325545001
820 319 0.223766461861 18.8856544934 12.6939183014 18.8605710995
821 320 0.223804467045 18.9135922121 12.6939183014 18.88854382
822 321 0.223842304618 18.941486409 12.6939183014 18.9164728672
823 322 0.223879975814 18.9693372868 12.6939183014 18.9443584449
824 323 0.223917481859 18.9971450469 12.6939183014 18.9722007556
825 324 0.223954823963 19.0249098889 12.6939183014 19.0
826 325 0.223992003325 19.0526320109 12.6939183014 19.0277563773
827 326 0.224029021131 19.0803116097 12.6939183014 19.0554700853
828 327 0.224065878556 19.1079488803 12.6939183014 19.08314132
829 328 0.224102576761 19.1355440164 12.6939183014 19.1107702763
830 329 0.224139116899 19.1630972101 12.6939183014 19.1383571472
831 330 0.224175500107 19.1906086522 12.6939183014 19.1659021246
832 331 0.224211727512 19.2180785319 12.6939183014 19.1934053987
833 332 0.224247800232 19.2455070371 12.6939183014 19.2208671583
834 333 0.224283719371 19.2728943542 12.6939183014 19.2482875909
835 334 0.224319486022 19.3002406683 12.6939183014 19.2756668825
836 335 0.224355101269 19.327546163 12.6939183014 19.3030052177
837 336 0.224390566184 19.3548110206 12.6939183014 19.3303027798
838 337 0.224425881828 19.3820354221 12.6939183014 19.3575597507
839 338 0.224461049252 19.409219547 12.6939183014 19.3847763109
840 339 0.224496069497 19.4363635737 12.6939183014 19.4119526395
841 340 0.224530943593 19.463467679 12.6939183014 19.4390889146
842 341 0.224565672561 19.4905320386 12.6939183014 19.4661853126
843 342 0.22460025741 19.517556827 12.6939183014 19.4932420089
844 343 0.224634699142 19.5445422173 12.6939183014 19.5202591775
845 344 0.224668998747 19.5714883812 12.6939183014 19.547236991
846 345 0.224703157206 19.5983954894 12.6939183014 19.574175621
847 346 0.224737175491 19.6252637113 12.6939183014 19.6010752377
848 347 0.224771054564 19.6520932149 12.6939183014 19.6279360102
849 348 0.224804795378 19.6788841674 12.6939183014 19.6547581062
850 349 0.224838398877 19.7056367343 12.6939183014 19.6815416923
851 350 0.224871865996 19.7323510802 12.6939183014 19.7082869339
852 351 0.224905197661 19.7590273687 12.6939183014 19.7349939952
853 352 0.224938394789 19.7856657617 12.6939183014 19.7616630393
854 353 0.224971458287 19.8122664206 12.6939183014 19.7882942281
855 354 0.225004389057 19.8388295051 12.6939183014 19.8148877222
856 355 0.22503718799 19.8653551741 12.6939183014 19.8414436814
857 356 0.225069855967 19.8918435853 12.6939183014 19.8679622641
858 357 0.225102393865 19.9182948952 12.6939183014 19.8944436277
859 358 0.22513480255 19.9447092595 12.6939183014 19.9208879284
860 359 0.225167082879 19.9710868324 12.6939183014 19.9472953215
861 360 0.225199235704 19.9974277674 12.6939183014 19.973665961
862 361 0.225231261867 20.0237322167 12.6939183014 20.0
863 362 0.225263162202 20.0500003316 12.6939183014 20.0262975904
864 363 0.225294937537 20.0762322621 12.6939183014 20.0525588833
865 364 0.225326588691 20.1024281576 12.6939183014 20.0787840283
866 365 0.225358116476 20.128588166 12.6939183014 20.1049731745
867 366 0.225389521696 20.1547124346 12.6939183014 20.1311264697
868 367 0.225420805149 20.1808011094 12.6939183014 20.1572440607
869 368 0.225451967624 20.2068543356 12.6939183014 20.1833260933
870 369 0.225483009904 20.2328722573 12.6939183014 20.2093727123
871 370 0.225513932764 20.2588550176 12.6939183014 20.2353840617
872 371 0.225544736973 20.2848027588 12.6939183014 20.2613602843
873 372 0.225575423292 20.3107156222 12.6939183014 20.287301522
874 373 0.225605992478 20.3365937479 12.6939183014 20.3132079158
875 374 0.225636445276 20.3624372755 12.6939183014 20.3390796058
876 375 0.225666782429 20.3882463432 12.6939183014 20.364916731
877 376 0.225697004671 20.4140210886 12.6939183014 20.3907194297
878 377 0.225727112731 20.4397616483 12.6939183014 20.4164878389
879 378 0.22575710733 20.465468158 12.6939183014 20.4422220952
880 379 0.225786989183 20.4911407525 12.6939183014 20.4679223339
881 380 0.225816758999 20.5167795657 12.6939183014 20.4935886896
882 381 0.225846417482 20.5423847306 12.6939183014 20.5192212959
883 382 0.225875965327 20.5679563795 12.6939183014 20.5448202857
884 383 0.225905403226 20.5934946435 12.6939183014 20.5703857908
885 384 0.225934731861 20.6189996531 12.6939183014 20.5959179423
886 385 0.225963951913 20.6444715379 12.6939183014 20.6214168703
887 386 0.225993064053 20.6699104268 12.6939183014 20.6468827044
888 387 0.226022068949 20.6953164475 12.6939183014 20.6723155729
889 388 0.22605096726 20.7206897272 12.6939183014 20.6977156036
890 389 0.226079759643 20.7460303922 12.6939183014 20.7230829233
891 390 0.226108446746 20.7713385679 12.6939183014 20.7484176581
892 391 0.226137029215 20.7966143791 12.6939183014 20.7737199333
893 392 0.226165507686 20.8218579495 12.6939183014 20.7989898732
894 393 0.226193882794 20.8470694023 12.6939183014 20.8242276016
895 394 0.226222155166 20.8722488598 12.6939183014 20.8494332413
896 395 0.226250325424 20.8973964435 12.6939183014 20.8746069144
897 396 0.226278394185 20.9225122742 12.6939183014 20.8997487421
898 397 0.226306362062 20.9475964718 12.6939183014 20.9248588452
899 398 0.226334229659 20.9726491556 12.6939183014 20.9499373433
900 399 0.22636199758 20.9976704442 12.6939183014 20.9749843554
901 400 0.226389666421 21.0226604552 12.6939183014 21.0
902 401 0.226417236772 21.0476193057 12.6939183014 21.0249843945
903 402 0.22644470922 21.072547112 12.6939183014 21.0499376558
904 403 0.226472084348 21.0974439896 12.6939183014 21.0748598999
905 404 0.226499362732 21.1223100535 12.6939183014 21.0997512422
906 405 0.226526544943 21.1471454178 12.6939183014 21.1246117975
907 406 0.226553631549 21.1719501959 12.6939183014 21.1494416796
908 407 0.226580623112 21.1967245005 12.6939183014 21.1742410018
909 408 0.226607520191 21.2214684438 12.6939183014 21.1990098767
910 409 0.226634323339 21.2461821371 12.6939183014 21.2237484162
911 410 0.226661033104 21.270865691 12.6939183014 21.2484567313
912 411 0.22668765003 21.2955192157 12.6939183014 21.2731349327
913 412 0.226714174659 21.3201428204 12.6939183014 21.2977831302
914 413 0.226740607524 21.3447366139 12.6939183014 21.3224014329
915 414 0.226766949157 21.3693007042 12.6939183014 21.3469899494
916 415 0.226793200085 21.3938351986 12.6939183014 21.3715487875
917 416 0.226819360831 21.418340204 12.6939183014 21.3960780544
918 417 0.226845431912 21.4428158264 12.6939183014 21.4205778567
919 418 0.226871413843 21.4672621712 12.6939183014 21.4450483003
920 419 0.226897307133 21.4916793433 12.6939183014 21.4694894905
921 420 0.22692311229 21.5160674469 12.6939183014 21.4939015319
922 421 0.226948829813 21.5404265857 12.6939183014 21.5182845287
923 422 0.226974460202 21.5647568625 12.6939183014 21.5426385842
924 423 0.227000003951 21.5890583797 12.6939183014 21.5669638012
925 424 0.227025461548 21.6133312392 12.6939183014 21.591260282
926 425 0.227050833481 21.637575542 12.6939183014 21.6155281281
927 426 0.227076120231 21.6617913887 12.6939183014 21.6397674406
928 427 0.227101322277 21.6859788794 12.6939183014 21.6639783198
929 428 0.227126440093 21.7101381133 12.6939183014 21.6881608656
930 429 0.227151474152 21.7342691894 12.6939183014 21.7123151772
931 430 0.227176424919 21.7583722059 12.6939183014 21.7364413533
932 431 0.227201292858 21.7824472604 12.6939183014 21.760539492
933 432 0.227226078429 21.8064944501 12.6939183014 21.7846096908
934 433 0.22725078209 21.8305138715 12.6939183014 21.8086520467
935 434 0.227275404292 21.8545056206 12.6939183014 21.832666656
936 435 0.227299945485 21.8784697928 12.6939183014 21.8566536146
937 436 0.227324406114 21.902406483 12.6939183014 21.8806130178
938 437 0.227348786623 21.9263157856 12.6939183014 21.9045449604
939 438 0.22737308745 21.9501977944 12.6939183014 21.9284495365
940 439 0.227397309032 21.9740526026 12.6939183014 21.9523268398
941 440 0.227421451799 21.997880303 12.6939183014 21.9761769634
942 441 0.227445516182 22.0216809879 12.6939183014 22.0
943 442 0.227469502605 22.0454547488 12.6939183014 22.0237960416
944 443 0.227493411492 22.0692016771 12.6939183014 22.0475651798
945 444 0.227517243262 22.0929218633 12.6939183014 22.0713075057
946 445 0.227540998331 22.1166153976 12.6939183014 22.0950231097
947 446 0.227564677112 22.1402823697 12.6939183014 22.1187120819
948 447 0.227588280014 22.1639228688 12.6939183014 22.1423745119
949 448 0.227611807445 22.1875369834 12.6939183014 22.1660104885
950 449 0.227635259808 22.2111248017 12.6939183014 22.1896201004
951 450 0.227658637504 22.2346864114 12.6939183014 22.2132034356
952 451 0.227681940931 22.2582218997 12.6939183014 22.2367605816
953 452 0.227705170482 22.2817313532 12.6939183014 22.2602916255
954 453 0.227728326551 22.3052148583 12.6939183014 22.2837966538
955 454 0.227751409526 22.3286725006 12.6939183014 22.3072757527
956 455 0.227774419793 22.3521043654 12.6939183014 22.3307290077
957 456 0.227797357734 22.3755105376 12.6939183014 22.3541565041
958 457 0.227820223731 22.3988911014 12.6939183014 22.3775583264
959 458 0.227843018161 22.4222461408 12.6939183014 22.400934559
960 459 0.227865741399 22.4455757392 12.6939183014 22.4242852856
961 460 0.227888393815 22.4688799795 12.6939183014 22.4476105895
962 461 0.227910975781 22.4921589443 12.6939183014 22.4709105536
963 462 0.227933487662 22.5154127156 12.6939183014 22.4941852602
964 463 0.227955929822 22.5386413751 12.6939183014 22.5174347914
965 464 0.227978302622 22.561845004 12.6939183014 22.5406592285
966 465 0.228000606422 22.585023683 12.6939183014 22.5638586528
967 466 0.228022841576 22.6081774925 12.6939183014 22.5870331449
968 467 0.228045008439 22.6313065123 12.6939183014 22.610182785
969 468 0.228067107361 22.6544108219 12.6939183014 22.6333076528
970 469 0.22808913869 22.6774905004 12.6939183014 22.6564078277
971 470 0.228111102773 22.7005456263 12.6939183014 22.6794833887
972 471 0.228132999953 22.7235762779 12.6939183014 22.7025344142
973 472 0.228154830571 22.746582533 12.6939183014 22.7255609824
974 473 0.228176594965 22.7695644689 12.6939183014 22.7485631709
975 474 0.228198293472 22.7925221627 12.6939183014 22.7715410571
976 475 0.228219926424 22.8154556908 12.6939183014 22.7944947177
977 476 0.228241494154 22.8383651294 12.6939183014 22.8174242293
978 477 0.228262996989 22.8612505544 12.6939183014 22.8403296678
979 478 0.228284435258 22.884112041 12.6939183014 22.8632111091
980 479 0.228305809284 22.9069496643 12.6939183014 22.8860686282
981 480 0.228327119389 22.9297634987 12.6939183014 22.9089023002
982 481 0.228348365893 22.9525536187 12.6939183014 22.9317121995
983 482 0.228369549114 22.9753200978 12.6939183014 22.9544984001
984 483 0.228390669367 22.9980630096 12.6939183014 22.9772609758
985 484 0.228411726965 23.0207824271 12.6939183014 23.0
986 485 0.228432722218 23.043478423 12.6939183014 23.0227155455
987 486 0.228453655437 23.0661510695 12.6939183014 23.045407685
988 487 0.228474526927 23.0888004387 12.6939183014 23.0680764907
989 488 0.228495336992 23.111426602 12.6939183014 23.0907220344
990 489 0.228516085936 23.1340296307 12.6939183014 23.1133443875
991 490 0.228536774058 23.1566095956 12.6939183014 23.1359436212
992 491 0.228557401658 23.1791665671 12.6939183014 23.1585198062
993 492 0.22857796903 23.2017006154 12.6939183014 23.1810730128
994 493 0.228598476469 23.2242118101 12.6939183014 23.2036033112
995 494 0.228618924268 23.2467002209 12.6939183014 23.2261107709
996 495 0.228639312716 23.2691659165 12.6939183014 23.2485954613
997 496 0.228659642102 23.2916089659 12.6939183014 23.2710574513
998 497 0.228679912712 23.3140294373 12.6939183014 23.2934968096
999 498 0.228700124829 23.3364273987 12.6939183014 23.3159136044
1000 499 0.228720278738 23.3588029178 12.6939183014 23.3383079037
1001 500 0.228740374717 23.381156062 12.6939183014 23.360679775
1002 501 0.228760413046 23.4034868982 12.6939183014 23.3830292856
1003 502 0.228780394 23.4257954932 12.6939183014 23.4053565024
1004 503 0.228800317856 23.4480819132 12.6939183014 23.427661492
1005 504 0.228820184885 23.4703462242 12.6939183014 23.4499443206
1006 505 0.22883999536 23.492588492 12.6939183014 23.4722050542
1007 506 0.228859749549 23.5148087819 12.6939183014 23.4944437584
1008 507 0.228879447719 23.5370071588 12.6939183014 23.5166604984
1009 508 0.228899090137 23.5591836876 12.6939183014 23.5388553392
1010 509 0.228918677067 23.5813384326 12.6939183014 23.5610283454
1011 510 0.22893820877 23.6034714579 12.6939183014 23.5831795813
1012 511 0.228957685508 23.6255828273 12.6939183014 23.6053091109
1013 512 0.228977107538 23.6476726041 12.6939183014 23.627416998
1014 513 0.228996475119 23.6697408516 12.6939183014 23.6495033058
1015 514 0.229015788505 23.6917876326 12.6939183014 23.6715680975
1016 515 0.22903504795 23.7138130096 12.6939183014 23.6936114358
1017 516 0.229054253706 23.7358170449 12.6939183014 23.7156333832
1018 517 0.229073406023 23.7577998003 12.6939183014 23.7376340018
1019 518 0.229092505151 23.7797613375 12.6939183014 23.7596133535
1020 519 0.229111551336 23.8017017178 12.6939183014 23.7815714998
1021 520 0.229130544824 23.8236210024 12.6939183014 23.803508502
1022 521 0.229149485858 23.8455192518 12.6939183014 23.825424421
1023 522 0.229168374681 23.8673965265 12.6939183014 23.8473193176
1024 523 0.229187211534 23.8892528868 12.6939183014 23.8691932521
1025 524 0.229205996656 23.9110883925 12.6939183014 23.8910462845
1026 525 0.229224730284 23.9329031031 12.6939183014 23.9128784748
1027 526 0.229243412656 23.9546970781 12.6939183014 23.9346898824
1028 527 0.229262044004 23.9764703764 12.6939183014 23.9564805665
1029 528 0.229280624563 23.9982230567 12.6939183014 23.9782505862
1030 529 0.229299154564 24.0199551776 12.6939183014 24.0
1031 530 0.229317634236 24.0416667972 12.6939183014 24.0217288664
1032 531 0.22933606381 24.0633579734 12.6939183014 24.0434372436
1033 532 0.229354443512 24.085028764 12.6939183014 24.0651251893
1034 533 0.229372773567 24.1066792261 12.6939183014 24.0867927612
1035 534 0.2293910542 24.1283094171 12.6939183014 24.1084400166
1036 535 0.229409285634 24.1499193937 12.6939183014 24.1300670124
1037 536 0.229427468091 24.1715092125 12.6939183014 24.1516738056
1038 537 0.22944560179 24.1930789297 12.6939183014 24.1732604525
1039 538 0.229463686951 24.2146286016 12.6939183014 24.1948270095
1040 539 0.22948172379 24.2361582837 12.6939183014 24.2163735325
1041 540 0.229499712523 24.2576680318 12.6939183014 24.2379000772
1042 541 0.229517653366 24.279157901 12.6939183014 24.2594066992
1043 542 0.229535546531 24.3006279463 12.6939183014 24.2808934536
1044 543 0.229553392231 24.3220782226 12.6939183014 24.3023603955
1045 544 0.229571190675 24.3435087843 12.6939183014 24.3238075794
1046 545 0.229588942074 24.3649196858 12.6939183014 24.3452350599
1047 546 0.229606646635 24.386310981 12.6939183014 24.3666428911
1048 547 0.229624304565 24.4076827237 12.6939183014 24.3880311271
1049 548 0.22964191607 24.4290349674 12.6939183014 24.4093998214
1050 549 0.229659481353 24.4503677654 12.6939183014 24.4307490277
1051 550 0.229677000618 24.4716811707 12.6939183014 24.4520787991
1052 551 0.229694474066 24.4929752362 12.6939183014 24.4733891886
1053 552 0.229711901898 24.5142500144 12.6939183014 24.4946802489
1054 553 0.229729284312 24.5355055576 12.6939183014 24.5159520326
1055 554 0.229746621508 24.5567419179 12.6939183014 24.5372045919
1056 555 0.229763913681 24.5779591472 12.6939183014 24.5584379788
1057 556 0.229781161027 24.599157297 12.6939183014 24.5796522451
1058 557 0.229798363741 24.6203364188 12.6939183014 24.6008474424
1059 558 0.229815522016 24.6414965637 12.6939183014 24.622023622
1060 559 0.229832636044 24.6626377826 12.6939183014 24.6431808351
1061 560 0.229849706015 24.6837601263 12.6939183014 24.6643191324
1062 561 0.229866732119 24.7048636452 12.6939183014 24.6854385647
1063 562 0.229883714546 24.7259483895 12.6939183014 24.7065391823
1064 563 0.229900653482 24.7470144093 12.6939183014 24.7276210354
1065 564 0.229917549113 24.7680617544 12.6939183014 24.7486841741
1066 565 0.229934401626 24.7890904743 12.6939183014 24.769728648
1067 566 0.229951211203 24.8101006185 12.6939183014 24.7907545067
1068 567 0.229967978028 24.831092236 12.6939183014 24.8117617996
1069 568 0.229984702283 24.8520653759 12.6939183014 24.8327505756
1070 569 0.230001384149 24.8730200867 12.6939183014 24.8537208838
1071 570 0.230018023805 24.8939564171 12.6939183014 24.8746727726
1072 571 0.23003462143 24.9148744153 12.6939183014 24.8956062907
1073 572 0.230051177201 24.9357741294 12.6939183014 24.9165214862
1074 573 0.230067691295 24.9566556072 12.6939183014 24.9374184072
1075 574 0.230084163888 24.9775188964 12.6939183014 24.9582971014
1076 575 0.230100595154 24.9983640445 12.6939183014 24.9791576166
1077 576 0.230116985267 25.0191910987 12.6939183014 25.0
1078 577 0.230133334398 25.0400001061 12.6939183014 25.0208242989
1079 578 0.23014964272 25.0607911134 12.6939183014 25.0416305603
1080 579 0.230165910402 25.0815641673 12.6939183014 25.062418831
1081 580 0.230182137614 25.1023193144 12.6939183014 25.0831891576
1082 581 0.230198324525 25.1230566007 12.6939183014 25.1039415864
1083 582 0.230214471301 25.1437760723 12.6939183014 25.1246761636
1084 583 0.23023057811 25.1644777751 12.6939183014 25.1453929353
1085 584 0.230246645117 25.1851617547 12.6939183014 25.1660919472
1086 585 0.230262672486 25.2058280565 12.6939183014 25.1867732449
1087 586 0.230278660381 25.2264767259 12.6939183014 25.2074368738
1088 587 0.230294608964 25.2471078078 12.6939183014 25.2280828792
1089 588 0.230310518398 25.2677213471 12.6939183014 25.248711306
1090 589 0.230326388842 25.2883173886 12.6939183014 25.269322199
1091 590 0.230342220457 25.3088959767 12.6939183014 25.289915603
1092 591 0.230358013402 25.3294571556 12.6939183014 25.3104915623
1093 592 0.230373767835 25.3500009696 12.6939183014 25.3310501212
1094 593 0.230389483912 25.3705274626 12.6939183014 25.3515913238
1095 594 0.23040516179 25.3910366782 12.6939183014 25.3721152139
1096 595 0.230420801625 25.41152866 12.6939183014 25.3926218353
1097 596 0.23043640357 25.4320034515 12.6939183014 25.4131112315
1098 597 0.23045196778 25.4524610958 12.6939183014 25.4335834457
1099 598 0.230467494406 25.472901636 12.6939183014 25.4540385213
1100 599 0.230482983601 25.4933251148 12.6939183014 25.474476501
1101 600 0.230498435515 25.5137315749 12.6939183014 25.4948974278
1102 601 0.230513850299 25.5341210588 12.6939183014 25.5153013443
1103 602 0.230529228102 25.5544936088 12.6939183014 25.5356882928
1104 603 0.230544569073 25.574849267 12.6939183014 25.5560583156
1105 604 0.230559873358 25.5951880754 12.6939183014 25.5764114549
1106 605 0.230575141105 25.6155100758 12.6939183014 25.5967477525
1107 606 0.230590372459 25.6358153098 12.6939183014 25.6170672502
1108 607 0.230605567566 25.6561038187 12.6939183014 25.6373699895
1109 608 0.23062072657 25.6763756439 12.6939183014 25.6576560119
1110 609 0.230635849614 25.6966308264 12.6939183014 25.6779253585
1111 610 0.230650936841 25.7168694073 12.6939183014 25.6981780705
1112 611 0.230665988394 25.7370914272 12.6939183014 25.7184141886
1113 612 0.230681004412 25.7572969267 12.6939183014 25.7386337537
1114 613 0.230695985037 25.7774859463 12.6939183014 25.7588368063
1115 614 0.230710930407 25.7976585262 12.6939183014 25.7790233867
1116 615 0.230725840662 25.8178147065 12.6939183014 25.7991935353
1117 616 0.23074071594 25.8379545272 12.6939183014 25.819347292
1118 617 0.230755556378 25.858078028 12.6939183014 25.8394846967
1119 618 0.230770362112 25.8781852486 12.6939183014 25.8596057893
1120 619 0.230785133278 25.8982762284 12.6939183014 25.8797106092
1121 620 0.230799870012 25.9183510067 12.6939183014 25.899799196
1122 621 0.230814572447 25.9384096226 12.6939183014 25.9198715888
1123 622 0.230829240716 25.9584521151 12.6939183014 25.9399278267
1124 623 0.230843874954 25.978478523 12.6939183014 25.9599679487
1125 624 0.230858475291 25.9984888851 12.6939183014 25.9799919936
1126 625 0.230873041859 26.0184832397 12.6939183014 26.0
1127 626 0.230887574789 26.0384616254 12.6939183014 26.0199920064
1128 627 0.230902074211 26.0584240802 12.6939183014 26.0399680511
1129 628 0.230916540253 26.0783706422 12.6939183014 26.0599281723
1130 629 0.230930973045 26.0983013494 12.6939183014 26.079872408
1131 630 0.230945372715 26.1182162394 12.6939183014 26.099800796
1132 631 0.230959739388 26.1381153499 12.6939183014 26.1197133742
1133 632 0.230974073193 26.1579987184 12.6939183014 26.13961018
1134 633 0.230988374254 26.1778663821 12.6939183014 26.1594912508
1135 634 0.231002642697 26.1977183782 12.6939183014 26.179356624
1136 635 0.231016878646 26.2175547437 12.6939183014 26.1992063367
1137 636 0.231031082225 26.2373755155 12.6939183014 26.2190404258
1138 637 0.231045253557 26.2571807303 12.6939183014 26.2388589282
1139 638 0.231059392765 26.2769704246 12.6939183014 26.2586618806
1140 639 0.23107349997 26.296744635 12.6939183014 26.2784493195
1141 640 0.231087575293 26.3165033977 12.6939183014 26.2982212813
1142 641 0.231101618855 26.3362467488 12.6939183014 26.3179778023
1143 642 0.231115630776 26.3559747244 12.6939183014 26.3377189186
1144 643 0.231129611176 26.3756873603 12.6939183014 26.3574446662
1145 644 0.231143560172 26.3953846923 12.6939183014 26.3771550809
1146 645 0.231157477882 26.4150667559 12.6939183014 26.3968501984
1147 646 0.231171364425 26.4347335867 12.6939183014 26.4165300543
1148 647 0.231185219916 26.4543852198 12.6939183014 26.436194684
1149 648 0.231199044473 26.4740216906 12.6939183014 26.4558441227
1150 649 0.231212838209 26.493643034 12.6939183014 26.4754784057
1151 650 0.231226601242 26.513249285 12.6939183014 26.495097568
1152 651 0.231240333683 26.5328404783 12.6939183014 26.5147016443
1153 652 0.231254035649 26.5524166486 12.6939183014 26.5342906696
1154 653 0.23126770725 26.5719778304 12.6939183014 26.5538646784
1155 654 0.231281348601 26.5915240581 12.6939183014 26.5734237051
1156 655 0.231294959813 26.6110553659 12.6939183014 26.5929677841
1157 656 0.231308540997 26.6305717879 12.6939183014 26.6124969497
1158 657 0.231322092264 26.6500733582 12.6939183014 26.632011236
1159 658 0.231335613724 26.6695601105 12.6939183014 26.6515106768
1160 659 0.231349105488 26.6890320787 12.6939183014 26.670995306
1161 660 0.231362567664 26.7084892962 12.6939183014 26.6904651573
1162 661 0.23137600036 26.7279317966 12.6939183014 26.7099202644
1163 662 0.231389403685 26.7473596133 12.6939183014 26.7293606605
1164 663 0.231402777747 26.7667727794 12.6939183014 26.7487863792
1165 664 0.231416122651 26.7861713281 12.6939183014 26.7681974535
1166 665 0.231429438504 26.8055552923 12.6939183014 26.7875939165
1167 666 0.231442725412 26.8249247049 12.6939183014 26.8069758011
1168 667 0.23145598348 26.8442795986 12.6939183014 26.8263431403
1169 668 0.231469212814 26.863620006 12.6939183014 26.8456959666
1170 669 0.231482413516 26.8829459595 12.6939183014 26.8650343128
1171 670 0.231495585691 26.9022574916 12.6939183014 26.8843582111
1172 671 0.231508729442 26.9215546345 12.6939183014 26.903667694
1173 672 0.231521844872 26.9408374203 12.6939183014 26.9229627936
1174 673 0.231534932082 26.9601058811 12.6939183014 26.9422435421
1175 674 0.231547991174 26.9793600486 12.6939183014 26.9615099715
1176 675 0.231561022249 26.9985999546 12.6939183014 26.9807621135
1177 676 0.231574025407 27.0178256308 12.6939183014 27.0
1178 677 0.231587000749 27.0370371088 12.6939183014 27.0192236625
1179 678 0.231599948375 27.0562344199 12.6939183014 27.0384331326
1180 679 0.231612868382 27.0754175955 12.6939183014 27.0576284416
1181 680 0.23162576087 27.0945866666 12.6939183014 27.0768096208
1182 681 0.231638625937 27.1137416645 12.6939183014 27.0959767014
1183 682 0.231651463681 27.13288262 12.6939183014 27.1151297144
1184 683 0.231664274197 27.152009564 12.6939183014 27.1342686907
1185 684 0.231677057584 27.1711225272 12.6939183014 27.1533936612
1186 685 0.231689813936 27.1902215402 12.6939183014 27.1725046566
1187 686 0.23170254335 27.2093066335 12.6939183014 27.1916017074
1188 687 0.231715245921 27.2283778376 12.6939183014 27.2106848442
1189 688 0.231727921743 27.2474351826 12.6939183014 27.2297540972
1190 689 0.231740570911 27.2664786989 12.6939183014 27.2488094968
1191 690 0.231753193519 27.2855084164 12.6939183014 27.2678510731
1192 691 0.231765789659 27.304524365 12.6939183014 27.2868788562
1193 692 0.231778359424 27.3235265747 12.6939183014 27.3058928759
1194 693 0.231790902907 27.3425150752 12.6939183014 27.3248931622
1195 694 0.2318034202 27.3614898962 12.6939183014 27.3438797446
1196 695 0.231815911395 27.380451067 12.6939183014 27.3628526529
1197 696 0.231828376581 27.3993986172 12.6939183014 27.3818119165
1198 697 0.23184081585 27.4183325761 12.6939183014 27.4007575649
1199 698 0.231853229293 27.4372529728 12.6939183014 27.4196896272
1200 699 0.231865616997 27.4561598366 12.6939183014 27.4386081328
1201 700 0.231877979054 27.4750531963 12.6939183014 27.4575131106
1202 701 0.231890315551 27.4939330809 12.6939183014 27.4764045897
1203 702 0.231902626577 27.5127995191 12.6939183014 27.495282599
1204 703 0.231914912221 27.5316525398 12.6939183014 27.5141471671
1205 704 0.231927172568 27.5504921714 12.6939183014 27.5329983228
1206 705 0.231939407708 27.5693184424 12.6939183014 27.5518360947
1207 706 0.231951617725 27.5881313812 12.6939183014 27.5706605112
1208 707 0.231963802707 27.6069310162 12.6939183014 27.5894716006
1209 708 0.23197596274 27.6257173754 12.6939183014 27.6082693913
1210 709 0.231988097908 27.6444904871 12.6939183014 27.6270539114
1211 710 0.232000208298 27.6632503791 12.6939183014 27.6458251889
1212 711 0.232012293993 27.6819970794 12.6939183014 27.6645832519
1213 712 0.232024355077 27.7007306158 12.6939183014 27.6833281283
1214 713 0.232036391635 27.7194510159 12.6939183014 27.7020598456
1215 714 0.23204840375 27.7381583073 12.6939183014 27.7207784318
1216 715 0.232060391505 27.7568525176 12.6939183014 27.7394839142
1217 716 0.232072354983 27.7755336742 12.6939183014 27.7581763205
1218 717 0.232084294265 27.7942018043 12.6939183014 27.776855678
1219 718 0.232096209434 27.8128569353 12.6939183014 27.7955220139
1220 719 0.232108100572 27.8314990941 12.6939183014 27.8141753556
1221 720 0.232119967758 27.8501283078 12.6939183014 27.83281573
1222 721 0.232131811074 27.8687446034 12.6939183014 27.8514431642
1223 722 0.2321436306 27.8873480077 12.6939183014 27.8700576851
1224 723 0.232155426416 27.9059385475 12.6939183014 27.8886593195
1225 724 0.232167198602 27.9245162493 12.6939183014 27.9072480941
1226 725 0.232178947237 27.9430811398 12.6939183014 27.9258240357
1227 726 0.232190672399 27.9616332454 12.6939183014 27.9443871706
1228 727 0.232202374167 27.9801725925 12.6939183014 27.9629375254
1229 728 0.23221405262 27.9986992075 12.6939183014 27.9814751265
1230 729 0.232225707834 28.0172131164 12.6939183014 28.0
1231 730 0.232237339887 28.0357143454 12.6939183014 28.0185121722
1232 731 0.232248948856 28.0542029206 12.6939183014 28.0370116692
1233 732 0.232260534818 28.0726788678 12.6939183014 28.0554985169
1234 733 0.232272097848 28.0911422129 12.6939183014 28.0739727414
1235 734 0.232283638024 28.1095929816 12.6939183014 28.0924343683
1236 735 0.23229515542 28.1280311997 12.6939183014 28.1108834235
1237 736 0.232306650111 28.1464568926 12.6939183014 28.1293199325
1238 737 0.232318122173 28.164870086 12.6939183014 28.147743921
1239 738 0.23232957168 28.1832708051 12.6939183014 28.1661554144
1240 739 0.232340998706 28.2016590754 12.6939183014 28.1845544381
1241 740 0.232352403325 28.220034922 12.6939183014 28.2029410175
1242 741 0.23236378561 28.2383983701 12.6939183014 28.2213151776
1243 742 0.232375145635 28.2567494447 12.6939183014 28.2396769438
1244 743 0.232386483472 28.2750881709 12.6939183014 28.2580263409
1245 744 0.232397799194 28.2934145735 12.6939183014 28.276363394
1246 745 0.232409092873 28.3117286774 12.6939183014 28.2946881279
1247 746 0.232420364581 28.3300305073 12.6939183014 28.3130005675
1248 747 0.232431614389 28.3483200878 12.6939183014 28.3313007374
1249 748 0.232442842368 28.3665974435 12.6939183014 28.3495886624
1250 749 0.23245404859 28.3848625988 12.6939183014 28.3678643668
1251 750 0.232465233124 28.4031155783 12.6939183014 28.3861278753
1252 751 0.232476396042 28.4213564061 12.6939183014 28.4043792121
1253 752 0.232487537412 28.4395851066 12.6939183014 28.4226184016
1254 753 0.232498657304 28.4578017038 12.6939183014 28.440845468
1255 754 0.232509755788 28.476006222 12.6939183014 28.4590604355
1256 755 0.232520832933 28.494198685 12.6939183014 28.4772633281
1257 756 0.232531888807 28.5123791167 12.6939183014 28.4954541697
1258 757 0.232542923478 28.5305475412 12.6939183014 28.5136329844
1259 758 0.232553937015 28.548703982 12.6939183014 28.5317997959
1260 759 0.232564929485 28.5668484628 12.6939183014 28.5499546279
1261 760 0.232575900955 28.5849810074 12.6939183014 28.5680975042
1262 761 0.232586851494 28.6031016392 12.6939183014 28.5862284483
1263 762 0.232597781166 28.6212103816 12.6939183014 28.6043474837
1264 763 0.23260869004 28.639307258 12.6939183014 28.6224546339
1265 764 0.23261957818 28.6573922918 12.6939183014 28.6405499222
1266 765 0.232630445654 28.6754655061 12.6939183014 28.6586333719
1267 766 0.232641292526 28.6935269241 12.6939183014 28.6767050062
1268 767 0.232652118862 28.7115765689 12.6939183014 28.6947648483
1269 768 0.232662924727 28.7296144635 12.6939183014 28.7128129211
1270 769 0.232673710186 28.7476406307 12.6939183014 28.7308492477
1271 770 0.232684475303 28.7656550934 12.6939183014 28.748873851
1272 771 0.232695220142 28.7836578745 12.6939183014 28.7668867538
1273 772 0.232705944768 28.8016489965 12.6939183014 28.7848879789
1274 773 0.232716649243 28.8196284822 12.6939183014 28.8028775489
1275 774 0.232727333631 28.837596354 12.6939183014 28.8208554865
1276 775 0.232737997995 28.8555526344 12.6939183014 28.8388218142
1277 776 0.232748642398 28.873497346 12.6939183014 28.8567765544
1278 777 0.232759266902 28.8914305109 12.6939183014 28.8747197295
1279 778 0.23276987157 28.9093521514 12.6939183014 28.892651362
1280 779 0.232780456464 28.9272622898 12.6939183014 28.9105714739
1281 780 0.232791021645 28.9451609482 12.6939183014 28.9284800875
1282 781 0.232801567174 28.9630481486 12.6939183014 28.946377225
1283 782 0.232812093112 28.9809239129 12.6939183014 28.9642629082
1284 783 0.232822599522 28.9987882632 12.6939183014 28.9821371593
1285 784 0.232833086462 29.0166412211 12.6939183014 29.0
1286 785 0.232843553994 29.0344828086 12.6939183014 29.0178514522
1287 786 0.232854002178 29.0523130473 12.6939183014 29.0356915378
1288 787 0.232864431072 29.0701319588 12.6939183014 29.0535202782
1289 788 0.232874840738 29.0879395647 12.6939183014 29.0713376952
1290 789 0.232885231234 29.1057358865 12.6939183014 29.0891438104
1291 790 0.232895602619 29.1235209457 12.6939183014 29.1069386451
1292 791 0.232905954952 29.1412947634 12.6939183014 29.1247222209
1293 792 0.232916288291 29.1590573612 12.6939183014 29.1424945589
1294 793 0.232926602695 29.1768087601 12.6939183014 29.1602556807
1295 794 0.232936898223 29.1945489814 12.6939183014 29.1780056072
1296 795 0.23294717493 29.2122780461 12.6939183014 29.1957443597
1297 796 0.232957432876 29.2299959753 12.6939183014 29.2134719593
1298 797 0.232967672117 29.2477027899 12.6939183014 29.231188427
1299 798 0.232977892711 29.2653985107 12.6939183014 29.2488937837
1300 799 0.232988094714 29.2830831587 12.6939183014 29.2665880502
1301 800 0.232998278182 29.3007567547 12.6939183014 29.2842712475
1302 801 0.233008443173 29.3184193191 12.6939183014 29.3019433962
1303 802 0.233018589742 29.3360708729 12.6939183014 29.319604517
1304 803 0.233028717945 29.3537114364 12.6939183014 29.3372546306
1305 804 0.233038827837 29.3713410302 12.6939183014 29.3548937575
1306 805 0.233048919474 29.3889596747 12.6939183014 29.3725219182
1307 806 0.233058992911 29.4065673904 12.6939183014 29.3901391332
1308 807 0.233069048204 29.4241641975 12.6939183014 29.4077454227
1309 808 0.233079085406 29.4417501162 12.6939183014 29.4253408071
1310 809 0.233089104571 29.4593251668 12.6939183014 29.4429253067
1311 810 0.233099105756 29.4768893694 12.6939183014 29.4604989415
1312 811 0.233109089012 29.4944427441 12.6939183014 29.4780617318
1313 812 0.233119054394 29.5119853108 12.6939183014 29.4956136976
1314 813 0.233129001956 29.5295170896 12.6939183014 29.5131548588
1315 814 0.23313893175 29.5470381002 12.6939183014 29.5306852354
1316 815 0.23314884383 29.5645483625 12.6939183014 29.5482048472
1317 816 0.233158738249 29.5820478962 12.6939183014 29.5657137142
1318 817 0.233168615059 29.5995367211 12.6939183014 29.5832118559
1319 818 0.233178474313 29.6170148568 12.6939183014 29.6006992922
1320 819 0.233188316062 29.6344823229 12.6939183014 29.6181760425
1321 820 0.233198140359 29.6519391389 12.6939183014 29.6356421266
1322 821 0.233207947256 29.6693853241 12.6939183014 29.6530975638
1323 822 0.233217736804 29.6868208982 12.6939183014 29.6705423737
1324 823 0.233227509055 29.7042458803 12.6939183014 29.6879765756
1325 824 0.233237264059 29.7216602898 12.6939183014 29.7054001888
1326 825 0.233247001867 29.7390641458 12.6939183014 29.7228132327
1327 826 0.233256722531 29.7564574677 12.6939183014 29.7402157264
1328 827 0.2332664261 29.7738402743 12.6939183014 29.7576076891
1329 828 0.233276112625 29.7912125849 12.6939183014 29.7749891399
1330 829 0.233285782156 29.8085744184 12.6939183014 29.7923600978
1331 830 0.233295434743 29.8259257937 12.6939183014 29.8097205818
1332 831 0.233305070435 29.8432667297 12.6939183014 29.8270706108
1333 832 0.233314689282 29.8605972453 12.6939183014 29.8444102037
1334 833 0.233324291333 29.8779173591 12.6939183014 29.8617393793
1335 834 0.233333876638 29.89522709 12.6939183014 29.8790581564
1336 835 0.233343445244 29.9125264565 12.6939183014 29.8963665536
1337 836 0.233352997201 29.9298154772 12.6939183014 29.9136645896
1338 837 0.233362532557 29.9470941708 12.6939183014 29.930952283
1339 838 0.233372051361 29.9643625556 12.6939183014 29.9482296523
1340 839 0.23338155366 29.9816206501 12.6939183014 29.9654967159
1341 840 0.233391039502 29.9988684728 12.6939183014 29.9827534924
1342 841 0.233400508935 30.0161060418 12.6939183014 30.0
1343 842 0.233409962006 30.0333333755 12.6939183014 30.0172362571
1344 843 0.233419398763 30.050550492 12.6939183014 30.0344622819
1345 844 0.233428819253 30.0677574096 12.6939183014 30.0516780927
1346 845 0.233438223523 30.0849541464 12.6939183014 30.0688837075
1347 846 0.233447611618 30.1021407204 12.6939183014 30.0860791445
1348 847 0.233456983587 30.1193171495 12.6939183014 30.1032644217
1349 848 0.233466339475 30.1364834518 12.6939183014 30.1204395571
1350 849 0.233475679328 30.1536396451 12.6939183014 30.1376045687
1351 850 0.233485003192 30.1707857473 12.6939183014 30.1547594742
1352 851 0.233494311113 30.1879217761 12.6939183014 30.1719042916
1353 852 0.233503603137 30.2050477494 12.6939183014 30.1890390387
1354 853 0.233512879309 30.2221636847 12.6939183014 30.206163733
1355 854 0.233522139674 30.2392695997 12.6939183014 30.2232783924
1356 855 0.233531384278 30.256365512 12.6939183014 30.2403830344
1357 856 0.233540613164 30.2734514391 12.6939183014 30.2574776767
1358 857 0.233549826379 30.2905273985 12.6939183014 30.2745623366
1359 858 0.233559023965 30.3075934076 12.6939183014 30.2916370318
1360 859 0.233568205969 30.3246494838 12.6939183014 30.3087017795
1361 860 0.233577372433 30.3416956444 12.6939183014 30.3257565972
1362 861 0.233586523402 30.3587319067 12.6939183014 30.3428015022
1363 862 0.233595658919 30.375758288 12.6939183014 30.3598365118
1364 863 0.233604779029 30.3927748053 12.6939183014 30.3768616431
1365 864 0.233613883774 30.4097814758 12.6939183014 30.3938769134
1366 865 0.233622973198 30.4267783166 12.6939183014 30.4108823397
1367 866 0.233632047344 30.4437653447 12.6939183014 30.4278779391
1368 867 0.233641106256 30.4607425771 12.6939183014 30.4448637287
1369 868 0.233650149975 30.4777100307 12.6939183014 30.4618397253
1370 869 0.233659178544 30.4946677225 12.6939183014 30.478805946
1371 870 0.233668192006 30.5116156691 12.6939183014 30.4957624075
1372 871 0.233677190403 30.5285538875 12.6939183014 30.5127091267
1373 872 0.233686173777 30.5454823943 12.6939183014 30.5296461205
1374 873 0.233695142171 30.5624012062 12.6939183014 30.5465734054
1375 874 0.233704095625 30.57931034 12.6939183014 30.5634909982
1376 875 0.233713034182 30.596209812 12.6939183014 30.5803989155
1377 876 0.233721957883 30.613099639 12.6939183014 30.5972971739
1378 877 0.233730866768 30.6299798374 12.6939183014 30.6141857899
1379 878 0.233739760881 30.6468504236 12.6939183014 30.6310647801
1380 879 0.23374864026 30.6637114141 12.6939183014 30.6479341607
1381 880 0.233757504948 30.6805628252 12.6939183014 30.6647939484
1382 881 0.233766354984 30.6974046732 12.6939183014 30.6816441593
1383 882 0.23377519041 30.7142369744 12.6939183014 30.6984848098
1384 883 0.233784011265 30.731059745 12.6939183014 30.7153159162
1385 884 0.23379281759 30.7478730011 12.6939183014 30.7321374946
1386 885 0.233801609425 30.764676759 12.6939183014 30.7489495613
1387 886 0.23381038681 30.7814710346 12.6939183014 30.7657521323
1388 887 0.233819149784 30.7982558441 12.6939183014 30.7825452237
1389 888 0.233827898386 30.8150312034 12.6939183014 30.7993288515
1390 889 0.233836632657 30.8317971284 12.6939183014 30.8161030318
1391 890 0.233845352636 30.848553635 12.6939183014 30.8328677804
1392 891 0.233854058361 30.8653007392 12.6939183014 30.8496231132
1393 892 0.233862749873 30.8820384567 12.6939183014 30.8663690461
1394 893 0.233871427208 30.8987668032 12.6939183014 30.883105595
1395 894 0.233880090407 30.9154857946 12.6939183014 30.8998327755
1396 895 0.233888739507 30.9321954464 12.6939183014 30.9165506033
1397 896 0.233897374547 30.9488957744 12.6939183014 30.9332590942
1398 897 0.233905995566 30.9655867941 12.6939183014 30.9499582637
1399 898 0.233914602601 30.982268521 12.6939183014 30.9666481275
1400 899 0.23392319569 30.9989409707 12.6939183014 30.9833287011
1401 900 0.233931774871 31.0156041586 12.6939183014 31.0
1402 901 0.233940340181 31.0322581002 12.6939183014 31.0166620396
1403 902 0.233948891659 31.0489028108 12.6939183014 31.0333148354
1404 903 0.233957429341 31.0655383058 12.6939183014 31.0499584026
1405 904 0.233965953265 31.0821646004 12.6939183014 31.0665927567
1406 905 0.233974463468 31.0987817098 12.6939183014 31.083217913
1407 906 0.233982959986 31.1153896494 12.6939183014 31.0998338866
1408 907 0.233991442857 31.1319884343 12.6939183014 31.1164406928
1409 908 0.233999912117 31.1485780795 12.6939183014 31.1330383466
1410 909 0.234008367803 31.1651586003 12.6939183014 31.1496268634
1411 910 0.234016809951 31.1817300115 12.6939183014 31.166206258
1412 911 0.234025238597 31.1982923282 12.6939183014 31.1827765456
1413 912 0.234033653777 31.2148455654 12.6939183014 31.1993377411
1414 913 0.234042055528 31.231389738 12.6939183014 31.2158898595
1415 914 0.234050443885 31.2479248609 12.6939183014 31.2324329157
1416 915 0.234058818884 31.2644509489 12.6939183014 31.2489669245
1417 916 0.23406718056 31.2809680167 12.6939183014 31.2654919008
1418 917 0.234075528949 31.2974760792 12.6939183014 31.2820078595
1419 918 0.234083864087 31.313975151 12.6939183014 31.2985148151
1420 919 0.234092186008 31.3304652469 12.6939183014 31.3150127824
1421 920 0.234100494747 31.3469463815 12.6939183014 31.3315017762
1422 921 0.23410879034 31.3634185693 12.6939183014 31.347981811
1423 922 0.23411707282 31.379881825 12.6939183014 31.3644529014
1424 923 0.234125342224 31.3963361629 12.6939183014 31.3809150619
1425 924 0.234133598584 31.4127815977 12.6939183014 31.3973683071
1426 925 0.234141841937 31.4292181438 12.6939183014 31.4138126515
1427 926 0.234150072315 31.4456458155 12.6939183014 31.4302481094
1428 927 0.234158289754 31.4620646272 12.6939183014 31.4466746953
1429 928 0.234166494286 31.4784745932 12.6939183014 31.4630924235
1430 929 0.234174685947 31.4948757278 12.6939183014 31.4795013083
1431 930 0.234182864769 31.5112680453 12.6939183014 31.495901364
1432 931 0.234191030787 31.5276515598 12.6939183014 31.5122926048
1433 932 0.234199184034 31.5440262856 12.6939183014 31.5286750449
1434 933 0.234207324543 31.5603922367 12.6939183014 31.5450486986
1435 934 0.234215452348 31.5767494273 12.6939183014 31.5614135799
1436 935 0.234223567481 31.5930978714 12.6939183014 31.5777697028
1437 936 0.234231669976 31.609437583 12.6939183014 31.5941170816
1438 937 0.234239759866 31.6257685761 12.6939183014 31.61045573
1439 938 0.234247837183 31.6420908647 12.6939183014 31.6267856622
1440 939 0.234255901961 31.6584044625 12.6939183014 31.6431068921
1441 940 0.234263954231 31.6747093837 12.6939183014 31.6594194335
1442 941 0.234271994026 31.6910056418 12.6939183014 31.6757233004
1443 942 0.234280021379 31.7072932508 12.6939183014 31.6920185064
1444 943 0.234288036321 31.7235722244 12.6939183014 31.7083050656
1445 944 0.234296038886 31.7398425763 12.6939183014 31.7245829915
1446 945 0.234304029103 31.7561043202 12.6939183014 31.7408522979
1447 946 0.234312007007 31.7723574697 12.6939183014 31.7571129985
1448 947 0.234319972627 31.7886020385 12.6939183014 31.7733651069
1449 948 0.234327925997 31.8048380402 12.6939183014 31.7896086367
1450 949 0.234335867147 31.8210654882 12.6939183014 31.8058436015
1451 950 0.234343796108 31.8372843962 12.6939183014 31.8220700148
1452 951 0.234351712913 31.8534947774 12.6939183014 31.8382878902
1453 952 0.234359617592 31.8696966455 12.6939183014 31.8544972411
1454 953 0.234367510176 31.8858900138 12.6939183014 31.8706980809
1455 954 0.234375390697 31.9020748956 12.6939183014 31.886890423
1456 955 0.234383259184 31.9182513043 12.6939183014 31.9030742807
1457 956 0.234391115669 31.9344192532 12.6939183014 31.9192496675
1458 957 0.234398960183 31.9505787555 12.6939183014 31.9354165965
1459 958 0.234406792755 31.9667298245 12.6939183014 31.9515750811
1460 959 0.234414613417 31.9828724734 12.6939183014 31.9677251344
1461 960 0.234422422199 31.9990067152 12.6939183014 31.9838667697
1462 961 0.23443021913 32.0151325632 12.6939183014 32.0
1463 962 0.23443800424 32.0312500304 12.6939183014 32.0161248385
1464 963 0.234445777561 32.0473591299 12.6939183014 32.0322412984
1465 964 0.234453539121 32.0634598747 12.6939183014 32.0483493925
1466 965 0.234461288951 32.0795522777 12.6939183014 32.064449134
1467 966 0.234469027079 32.095636352 12.6939183014 32.0805405358
1468 967 0.234476753537 32.1117121105 12.6939183014 32.0966236109
1469 968 0.234484468352 32.127779566 12.6939183014 32.1126983722
1470 969 0.234492171554 32.1438387313 12.6939183014 32.1287648325
1471 970 0.234499863173 32.1598896194 12.6939183014 32.1448230048
1472 971 0.234507543238 32.175932243 12.6939183014 32.1608729018
1473 972 0.234515211777 32.1919666148 12.6939183014 32.1769145362
1474 973 0.23452286882 32.2079927476 12.6939183014 32.192947921
1475 974 0.234530514395 32.2240106541 12.6939183014 32.2089730687
1476 975 0.234538148531 32.2400203469 12.6939183014 32.224989992
1477 976 0.234545771258 32.2560218386 12.6939183014 32.2409987036
1478 977 0.234553382602 32.2720151418 12.6939183014 32.2569992162
1479 978 0.234560982593 32.2880002692 12.6939183014 32.2729915422
1480 979 0.234568571259 32.3039772331 12.6939183014 32.2889756943
1481 980 0.234576148628 32.3199460462 12.6939183014 32.304951685
1482 981 0.234583714729 32.3359067208 12.6939183014 32.3209195267
1483 982 0.234591269589 32.3518592695 12.6939183014 32.336879232
1484 983 0.234598813236 32.3678037045 12.6939183014 32.3528308132
1485 984 0.234606345698 32.3837400383 12.6939183014 32.3687742827
1486 985 0.234613867003 32.3996682832 12.6939183014 32.384709653
1487 986 0.234621377179 32.4155884516 12.6939183014 32.4006369362
1488 987 0.234628876252 32.4315005556 12.6939183014 32.4165561448
1489 988 0.234636364251 32.4474046075 12.6939183014 32.432467291
1490 989 0.234643841202 32.4633006196 12.6939183014 32.448370387
1491 990 0.234651307134 32.479188604 12.6939183014 32.4642654451
1492 991 0.234658762073 32.4950685729 12.6939183014 32.4801524774
1493 992 0.234666206046 32.5109405384 12.6939183014 32.496031496
1494 993 0.23467363908 32.5268045126 12.6939183014 32.5119025132
1495 994 0.234681061202 32.5426605075 12.6939183014 32.5277655409
1496 995 0.234688472439 32.5585085352 12.6939183014 32.5436205912
1497 996 0.234695872818 32.5743486076 12.6939183014 32.5594676761
1498 997 0.234703262365 32.5901807368 12.6939183014 32.5753068077
1499 998 0.234710641106 32.6060049347 12.6939183014 32.5911379979
1500 999 0.234718009068 32.6218212132 12.6939183014 32.6069612586
1501 1000 0.234725366278 32.6376295841 12.6939183014 32.6227766017
1502 1001 0.234732712762 32.6534300593 12.6939183014 32.6385840391
1503 1002 0.234740048545 32.6692226507 12.6939183014 32.6543835827
1504 1003 0.234747373654 32.68500737 12.6939183014 32.6701752442
1505 1004 0.23474373654 32.68500737 12.6939183014 32.6701752442
