1 6
1 9
1 91
1 155
1 247
1 364
2 39
2 202
2 240
2 285
2 312
2 458
3 43
3 115
3 186
3 223
3 406
3 500
4 97
4 119
4 194
4 232
4 293
4 334
5 59
5 151
5 171
5 318
5 351
5 486
6 63
6 83
6 299
6 317
6 340
7 95
7 237
7 266
7 272
7 406
7 410
8 69
8 100
8 212
8 343
8 360
8 375
9 112
9 148
9 264
9 287
9 404
10 54
10 155
10 263
10 445
10 459
10 480
11 245
11 260
11 378
11 379
11 417
11 475
12 107
12 205
12 244
12 292
12 312
12 480
13 166
13 232
13 237
13 246
13 334
13 440
14 33
14 117
14 252
14 360
14 386
14 465
15 93
15 344
15 411
15 441
15 451
15 460
16 66
16 87
16 96
16 127
16 329
16 424
17 22
17 27
17 53
17 113
17 120
17 151
18 108
18 125
18 155
18 308
18 319
18 498
19 114
19 245
19 254
19 261
19 334
19 418
20 65
20 204
20 268
20 363
20 463
20 490
21 98
21 101
21 200
21 218
21 234
21 299
22 77
22 143
22 157
22 330
22 356
23 83
23 110
23 131
23 171
23 470
23 490
24 71
24 131
24 137
24 167
24 336
24 339
25 54
25 110
25 142
25 201
25 452
25 471
26 58
26 300
26 331
26 401
26 432
26 492
27 88
27 188
27 212
27 218
27 246
28 113
28 200
28 218
28 233
28 259
28 451
29 67
29 145
29 212
29 295
29 386
29 411
30 35
30 40
30 295
30 302
30 342
30 378
31 131
31 181
31 284
31 381
31 487
31 500
32 47
32 53
32 94
32 122
32 204
32 421
33 158
33 178
33 219
33 241
33 499
34 86
34 228
34 264
34 369
34 463
34 481
35 219
35 258
35 388
35 425
35 439
36 135
36 142
36 190
36 312
36 337
36 437
37 75
37 156
37 414
37 435
37 448
37 450
38 45
38 96
38 277
38 302
38 317
38 362
39 134
39 211
39 254
39 386
39 472
40 101
40 133
40 446
40 447
40 470
41 106
41 260
41 336
41 357
41 373
41 386
42 79
42 99
42 272
42 335
42 413
42 429
43 61
43 89
43 103
43 318
43 498
44 72
44 95
44 116
44 234
44 472
44 492
45 109
45 140
45 384
45 473
45 482
46 140
46 205
46 219
46 257
46 280
46 327
47 63
47 308
47 349
47 384
47 500
48 129
48 248
48 309
48 323
48 348
48 358
49 77
49 141
49 172
49 257
49 350
49 375
50 94
50 160
50 161
50 275
50 347
50 495
51 147
51 192
51 292
51 378
51 386
51 394
52 114
52 183
52 220
52 332
52 428
52 451
53 123
53 187
53 302
53 387
54 239
54 261
54 371
54 461
55 165
55 304
55 363
55 402
55 403
55 442
56 66
56 111
56 280
56 285
56 291
56 475
57 131
57 183
57 276
57 332
57 347
57 411
58 60
58 79
58 95
58 157
58 250
59 135
59 210
59 320
59 420
59 449
60 65
60 161
60 179
60 214
60 379
61 193
61 220
61 246
61 380
61 430
62 149
62 194
62 195
62 311
62 365
62 372
63 84
63 112
63 279
63 377
64 105
64 120
64 146
64 253
64 258
64 355
65 80
65 140
65 186
65 366
66 96
66 118
66 149
66 179
67 225
67 350
67 438
67 444
67 452
68 181
68 197
68 216
68 315
68 392
68 405
69 132
69 152
69 202
69 274
69 492
70 208
70 237
70 284
70 304
70 339
70 475
71 216
71 348
71 359
71 428
71 460
72 248
72 438
72 442
72 461
72 495
73 103
73 148
73 199
73 376
73 412
73 463
74 170
74 193
74 233
74 245
74 272
74 498
75 155
75 198
75 320
75 374
75 444
76 79
76 95
76 120
76 174
76 400
76 498
77 192
77 332
77 389
77 422
78 91
78 123
78 199
78 240
78 242
78 340
79 103
79 190
79 245
80 138
80 175
80 188
80 298
80 396
81 89
81 94
81 160
81 277
81 300
81 489
82 141
82 275
82 285
82 301
82 346
82 357
83 166
83 370
83 478
83 499
84 169
84 176
84 203
84 347
84 480
85 108
85 111
85 248
85 400
85 469
85 474
86 139
86 270
86 333
86 356
86 421
87 118
87 241
87 296
87 379
87 396
88 167
88 213
88 235
88 282
88 467
89 258
89 328
89 409
89 412
90 100
90 194
90 301
90 326
90 367
90 485
91 99
91 340
91 389
91 484
92 150
92 156
92 230
92 234
92 324
92 414
93 125
93 134
93 231
93 375
93 398
94 219
94 440
94 495
95 325
95 455
96 196
96 291
96 445
97 150
97 202
97 213
97 346
97 493
98 102
98 110
98 250
98 313
98 431
99 229
99 346
99 456
99 479
100 236
100 325
100 410
100 458
101 225
101 282
101 325
101 354
102 124
102 154
102 198
102 395
102 470
103 187
103 456
103 467
104 139
104 147
104 182
104 318
104 376
104 441
105 139
105 173
105 242
105 323
105 426
106 220
106 239
106 323
106 389
106 484
107 310
107 321
107 341
107 384
107 405
108 176
108 335
108 371
108 377
109 169
109 201
109 256
109 387
109 491
110 249
110 346
110 378
111 280
111 309
111 430
111 437
112 210
112 316
112 401
112 477
113 190
113 283
113 330
113 466
114 176
114 232
114 241
114 407
115 279
115 313
115 420
115 426
115 485
116 207
116 217
116 329
116 337
116 349
117 299
117 342
117 446
117 467
117 491
118 189
118 203
118 275
118 418
119 182
119 207
119 252
119 364
119 408
120 137
120 262
120 433
121 152
121 313
121 316
121 362
121 427
121 431
122 155
122 251
122 311
122 470
122 495
123 283
123 341
123 398
123 492
124 208
124 210
124 226
124 282
124 362
125 241
125 273
125 462
125 496
126 285
126 290
126 329
126 353
126 385
126 492
127 182
127 207
127 306
127 337
127 369
128 233
128 274
128 410
128 415
128 449
128 453
129 152
129 170
129 344
129 415
129 465
130 201
130 208
130 332
130 393
130 416
130 498
131 186
131 392
132 202
132 305
132 354
132 472
132 483
133 159
133 176
133 244
133 307
133 364
134 184
134 263
134 274
134 292
135 201
135 349
135 367
135 370
136 163
136 217
136 321
136 368
136 395
136 460
137 209
137 225
137 381
137 471
138 257
138 372
138 425
138 444
138 479
139 147
139 229
139 496
140 143
140 464
140 476
141 172
141 210
141 216
141 273
142 185
142 287
142 310
142 334
143 183
143 215
143 309
143 366
144 173
144 204
144 260
144 352
144 381
144 406
145 162
145 177
145 288
145 354
145 483
146 215
146 225
146 404
146 469
146 478
147 181
147 184
147 381
148 240
148 267
148 438
148 485
149 160
149 262
149 345
149 388
150 175
150 253
150 454
150 466
151 223
151 326
151 356
151 434
152 343
152 352
152 370
153 168
153 173
153 326
153 359
153 393
153 477
154 222
154 294
154 310
154 410
154 425
155 498
156 185
156 410
156 416
156 440
157 199
157 295
157 393
157 447
158 262
158 268
158 287
158 385
158 479
159 265
159 432
159 435
159 488
159 500
160 165
160 349
160 422
161 162
161 217
161 300
161 414
162 167
162 277
162 343
162 479
163 165
163 261
163 328
163 394
163 487
164 221
164 227
164 350
164 384
164 440
164 457
165 333
165 404
165 442
166 294
166 310
166 413
166 486
167 171
167 278
167 381
168 316
168 391
168 403
168 413
168 490
169 200
169 230
169 281
169 431
170 224
170 269
170 287
170 436
171 307
171 320
171 485
172 185
172 186
172 357
172 481
173 259
173 337
173 340
174 180
174 281
174 365
174 373
174 399
175 290
175 382
175 427
175 456
176 216
176 330
177 228
177 286
177 357
177 402
177 427
178 198
178 248
178 293
178 297
178 479
179 296
179 308
179 337
179 464
180 195
180 297
180 375
180 432
180 462
181 297
181 450
181 473
182 420
182 478
182 488
183 223
183 352
183 467
184 203
184 331
184 449
184 488
185 195
185 221
185 351
186 328
186 378
187 218
187 270
187 348
187 355
188 248
188 290
188 367
188 454
189 243
189 285
189 363
189 420
189 429
190 220
190 263
190 494
191 195
191 247
191 289
191 326
191 361
191 384
192 231
192 242
192 304
192 471
193 212
193 278
193 338
193 401
194 243
194 377
194 496
195 205
195 433
196 315
196 344
196 359
196 430
196 476
197 390
197 394
197 454
197 459
197 490
198 243
198 286
198 291
199 270
199 452
199 462
200 345
200 409
200 474
201 258
201 325
202 259
202 429
203 256
203 474
203 480
204 276
204 317
204 331
205 369
205 437
205 446
206 269
206 306
206 316
206 352
206 383
206 474
207 258
207 277
207 317
208 362
208 382
208 455
209 284
209 288
209 363
209 425
209 443
210 309
210 353
211 213
211 221
211 276
211 421
211 499
212 419
212 454
213 276
213 409
213 488
214 239
214 251
214 358
214 376
214 464
215 226
215 236
215 251
215 256
216 238
216 389
217 254
217 363
217 493
218 255
218 431
219 249
219 255
220 303
220 442
221 227
221 416
221 447
222 259
222 319
222 342
222 354
222 372
223 287
223 295
223 401
224 318
224 332
224 385
224 388
224 412
225 314
225 383
226 239
226 261
226 391
226 494
227 245
227 298
227 356
227 399
228 259
228 424
228 437
228 455
229 273
229 305
229 352
229 423
230 351
230 370
230 419
230 461
231 290
231 294
231 361
231 483
232 234
232 439
232 457
233 327
233 468
233 493
234 397
234 409
235 251
235 266
235 408
235 418
235 489
236 309
236 447
236 453
236 480
237 261
237 425
237 440
238 263
238 288
238 291
238 385
238 456
239 242
239 486
240 270
240 382
240 433
241 330
241 479
242 324
242 362
243 278
243 338
243 462
244 302
244 329
244 391
244 392
245 465
246 356
246 417
246 467
247 318
247 398
247 407
247 486
248 473
249 320
249 407
249 430
249 463
250 293
250 309
250 347
250 481
251 393
251 397
252 264
252 266
252 436
252 491
253 315
253 376
253 458
253 482
254 283
254 297
254 488
255 304
255 323
255 328
255 396
256 408
256 424
256 448
257 338
257 361
257 368
258 471
259 355
260 271
260 292
260 316
261 448
262 270
262 418
262 445
263 265
263 433
264 378
264 455
264 466
265 305
265 390
265 427
265 487
266 429
266 459
266 469
267 372
267 403
267 416
267 418
267 443
268 284
268 342
268 421
268 475
269 305
269 310
269 415
269 497
270 289
271 321
271 327
271 357
271 361
271 397
272 419
272 430
272 436
273 406
273 423
273 489
274 303
274 365
274 468
275 312
275 317
275 325
276 283
276 393
277 489
277 492
278 380
278 399
278 443
279 428
279 468
279 475
279 489
280 296
280 305
280 428
281 360
281 361
281 450
281 460
282 405
282 415
282 433
283 348
283 407
284 289
284 298
285 336
286 460
286 461
286 488
286 489
287 367
288 467
288 483
288 494
289 367
289 426
289 447
290 359
290 418
291 353
291 390
292 405
292 468
293 303
293 343
293 361
294 434
294 459
294 468
295 451
295 459
296 434
296 442
296 491
297 383
297 399
298 397
298 444
298 451
299 394
299 441
299 482
300 434
300 439
300 471
301 335
301 345
301 399
301 431
302 411
302 472
303 336
303 344
303 436
304 380
304 420
305 327
306 345
306 429
306 473
306 491
307 349
307 406
307 433
307 472
308 422
308 424
308 476
310 330
311 417
311 421
311 484
311 487
312 359
312 360
313 314
313 421
313 463
314 355
314 400
314 478
314 495
315 335
315 357
315 494
316 369
317 398
318 336
319 370
319 383
319 395
319 455
320 453
320 476
321 366
321 414
321 450
322 387
322 391
322 408
322 411
322 436
322 454
323 350
323 402
324 346
324 452
324 478
324 490
325 344
326 377
326 382
327 397
327 426
328 371
328 453
329 331
329 383
330 402
331 355
331 481
332 476
333 346
333 393
333 398
333 449
334 395
334 444
335 341
335 412
336 441
337 338
338 358
338 440
339 380
339 412
339 417
339 465
340 472
340 484
341 369
341 396
341 496
342 477
342 485
343 446
343 469
344 469
345 406
345 486
347 376
347 450
348 414
348 484
349 389
350 369
350 458
351 372
351 490
351 499
352 438
353 435
353 446
353 456
354 368
354 474
355 426
356 392
358 390
358 419
358 451
359 415
360 403
360 442
362 382
363 423
364 399
364 413
364 478
365 370
365 385
365 485
366 373
366 466
366 468
367 422
368 466
368 470
368 493
371 390
371 417
371 419
372 453
373 391
373 394
373 493
374 420
374 423
374 452
374 460
374 480
375 465
375 487
376 457
377 388
377 494
379 419
379 426
379 449
380 413
380 434
381 450
382 448
383 404
384 437
385 432
386 387
387 435
387 465
388 464
388 497
389 429
390 404
391 463
392 416
392 445
394 445
395 405
395 410
396 458
396 477
397 469
398 441
400 428
400 431
400 439
401 403
401 471
402 424
402 482
403 407
404 487
405 437
407 483
408 444
408 462
409 416
409 439
411 477
412 464
413 435
414 466
415 461
417 448
422 423
422 445
423 457
424 497
425 477
427 443
427 491
428 496
430 481
432 452
432 497
434 500
435 448
436 497
438 476
438 486
439 493
441 459
443 473
443 475
446 447
449 473
453 481
454 483
455 482
456 457
457 482
458 495
461 484
462 464
470 500
474 496
494 499
497 499
