1 2
1 3
1 4
1 5
1 6
1 13
1 18
1 28
1 34
1 43
1 53
1 64
1 79
1 81
1 111
1 124
1 166
1 179
1 194
1 196
1 239
1 269
1 282
1 297
1 324
1 337
1 354
1 382
1 384
1 397
1 399
1 410
1 412
1 425
1 440
2 3
2 4
2 5
2 6
2 11
2 12
2 13
2 16
2 19
2 25
2 58
2 86
2 88
2 101
2 126
2 143
2 154
2 156
2 158
2 169
2 199
2 214
2 226
2 256
2 314
2 327
2 414
2 472
2 485
2 487
3 4
3 5
3 6
3 7
3 8
3 15
3 24
3 34
3 36
3 47
3 55
3 63
3 65
3 93
3 105
3 118
3 131
3 133
3 146
3 148
3 173
3 176
3 186
3 201
3 203
3 216
3 233
3 244
3 248
3 261
3 274
3 289
3 301
3 316
3 344
3 359
3 361
3 389
3 402
3 417
3 444
3 447
3 459
3 474
3 489
4 5
4 6
4 7
4 8
4 9
4 10
4 14
4 16
4 18
4 19
4 21
4 23
4 27
4 28
4 31
4 33
4 35
4 38
4 43
4 49
4 51
4 59
4 66
4 72
4 82
4 85
4 89
4 100
4 104
4 125
4 138
4 140
4 150
4 153
4 155
4 163
4 165
4 170
4 180
4 183
4 193
4 195
4 206
4 210
4 223
4 253
4 268
4 278
4 291
4 293
4 319
4 321
4 323
4 334
4 364
4 376
4 379
4 406
4 419
4 421
4 432
4 449
4 464
4 466
4 479
4 492
5 6
5 10
5 11
5 13
5 17
5 32
5 40
5 58
5 61
5 71
5 73
5 84
5 96
5 107
5 117
5 172
5 185
5 187
5 213
5 215
5 283
5 311
5 341
5 368
5 381
5 383
5 396
5 409
5 424
5 439
5 454
5 496
6 7
6 8
6 9
6 10
6 14
6 15
6 20
6 21
6 22
6 24
6 25
6 30
6 41
6 47
6 60
6 80
6 86
6 101
6 109
6 111
6 122
6 124
6 126
6 137
6 139
6 147
6 152
6 164
6 175
6 177
6 179
6 190
6 194
6 207
6 220
6 222
6 230
6 232
6 235
6 243
6 247
6 262
6 273
6 275
6 303
6 315
6 328
6 345
6 356
6 358
6 373
6 398
6 416
6 443
6 456
6 458
6 471
6 473
7 11
7 12
7 17
7 23
7 26
7 29
7 62
7 72
7 83
7 93
7 106
7 118
7 141
7 169
7 171
7 197
7 209
7 237
7 305
7 390
7 403
7 446
7 461
7 488
8 9
8 22
8 27
8 31
8 37
8 48
8 64
8 67
8 85
8 95
8 98
8 108
8 121
8 133
8 146
8 174
8 199
8 201
8 212
8 214
8 239
8 252
8 267
8 280
8 307
8 363
8 405
8 420
8 463
8 476
9 45
9 269
9 393
10 21
10 30
10 69
10 113
10 189
10 216
10 284
11 12
11 14
11 17
11 18
11 20
11 26
11 29
11 36
11 38
11 43
11 47
11 53
11 55
11 61
11 71
11 84
11 92
11 94
11 128
11 153
11 163
11 178
11 191
11 193
11 231
11 246
11 257
11 259
11 272
11 297
11 312
11 325
11 327
11 382
11 423
11 453
11 493
12 15
12 27
12 33
12 52
12 60
12 68
12 76
12 78
12 86
12 120
12 130
12 132
12 166
12 208
12 221
12 234
12 274
12 276
12 289
12 302
12 329
12 342
12 412
12 425
12 468
12 483
13 37
13 46
13 54
13 62
13 70
13 112
13 143
13 145
13 198
13 236
13 372
13 385
13 498
14 32
14 35
14 41
14 57
14 75
14 83
14 101
14 124
14 158
14 160
14 185
14 196
14 213
14 238
14 291
14 306
14 332
14 387
14 457
14 485
15 16
15 22
15 25
15 45
15 73
15 81
15 85
15 127
15 139
15 162
15 173
15 175
15 200
15 334
15 362
15 374
15 389
15 402
15 500
16 40
16 42
16 116
16 129
16 226
16 404
16 417
17 24
17 26
17 39
17 48
17 50
17 51
17 56
17 59
17 88
17 96
17 98
17 104
17 108
17 119
17 154
17 167
17 192
17 218
17 258
17 283
17 298
17 364
17 432
17 445
17 447
17 460
17 490
18 19
18 20
18 23
18 30
18 44
18 100
18 157
18 165
18 169
18 182
18 256
18 260
18 339
18 434
19 52
19 92
19 146
19 235
19 273
19 313
19 324
19 394
19 464
20 60
20 68
20 136
20 233
20 422
21 29
21 34
21 41
21 66
21 82
21 95
21 115
21 138
21 172
21 174
21 199
21 237
21 250
21 288
21 290
21 356
21 424
21 437
22 31
22 111
22 128
23 28
23 33
23 46
23 57
23 99
23 107
23 151
23 227
23 252
23 265
23 301
23 426
23 494
24 37
24 42
24 153
24 189
24 210
24 331
24 358
25 39
25 48
25 54
25 67
25 71
25 73
25 75
25 83
25 89
25 91
25 112
25 118
25 122
25 126
25 141
25 143
25 164
25 168
25 181
25 191
25 204
25 229
25 255
25 280
25 295
25 316
25 320
25 333
25 384
25 401
25 441
25 482
26 32
26 50
26 56
26 114
26 244
26 335
26 484
27 62
27 70
27 78
27 94
27 156
27 350
27 416
28 36
28 45
28 64
28 106
28 133
28 137
28 160
28 234
28 259
28 285
28 310
28 418
28 499
29 38
29 74
29 90
29 96
29 98
29 104
29 129
29 148
29 173
29 196
29 198
29 211
29 232
29 365
29 486
30 35
30 44
30 49
30 53
30 80
30 186
30 194
30 213
30 249
30 300
30 353
30 380
30 444
31 40
31 69
31 77
31 109
31 142
31 150
31 152
31 264
31 376
31 459
32 55
32 57
32 63
32 87
32 103
32 113
32 134
32 140
32 144
32 190
32 226
32 254
32 262
32 304
32 317
32 395
32 463
33 46
33 79
33 157
33 165
33 205
33 228
33 292
33 357
33 478
33 489
34 39
34 52
34 65
34 81
34 95
34 97
34 116
34 136
34 159
34 182
34 243
34 294
34 315
34 332
34 438
35 180
35 216
35 372
35 385
36 54
36 128
36 220
36 383
37 56
37 334
37 347
38 68
38 102
38 108
38 110
38 120
38 151
38 170
38 172
38 208
38 258
38 307
38 400
38 413
38 440
38 468
38 481
39 42
39 70
39 76
39 112
39 398
39 455
40 51
40 92
40 141
40 233
40 246
40 284
40 415
41 44
41 78
41 94
41 123
41 139
41 185
41 299
41 375
41 402
41 470
41 483
42 59
42 88
42 202
42 210
42 225
42 311
42 498
43 115
43 135
43 248
43 324
44 50
44 445
45 63
45 99
45 127
45 181
45 204
45 240
45 390
45 500
46 75
46 77
46 91
46 192
46 215
46 276
46 314
46 379
46 392
47 119
48 49
48 58
48 161
48 443
48 447
48 460
49 79
49 87
49 103
49 171
49 184
49 367
49 394
49 407
50 130
51 66
51 74
51 142
51 253
52 132
52 280
52 316
52 329
52 331
52 354
52 369
52 420
52 462
53 114
53 211
53 270
54 90
54 134
54 209
54 234
54 409
54 424
54 437
54 450
54 490
55 188
55 306
55 308
55 333
55 492
56 82
56 116
56 145
56 224
57 65
57 100
57 157
57 222
57 268
57 384
57 439
58 102
58 260
58 272
58 382
59 61
59 67
59 110
59 168
59 178
59 285
59 480
60 247
60 283
60 336
60 399
61 149
62 69
62 129
62 131
62 237
62 298
62 300
63 97
63 105
63 123
63 241
63 325
63 363
63 414
63 469
64 160
64 191
64 313
64 340
64 442
65 162
65 218
65 264
65 277
66 77
66 89
66 91
66 99
66 107
66 115
66 144
66 229
66 254
66 391
66 404
66 431
66 484
67 117
67 125
67 154
67 208
67 353
68 72
68 93
68 109
68 252
68 279
68 389
68 393
68 499
69 156
69 267
69 315
70 74
70 136
70 221
70 231
70 317
70 376
70 444
71 80
71 198
71 355
71 446
71 472
72 138
72 148
72 167
72 200
72 343
72 408
73 76
73 202
74 140
74 159
74 305
74 307
74 332
74 406
74 434
74 459
74 487
75 90
75 225
75 236
75 246
75 271
75 419
76 84
76 106
76 114
76 122
76 161
76 309
77 192
77 284
77 476
78 182
78 238
78 259
78 411
79 151
79 205
79 217
79 263
79 286
79 335
79 345
79 360
79 489
79 491
80 251
80 299
81 184
81 228
81 240
82 87
82 358
82 413
83 135
83 155
83 453
84 176
84 186
84 276
85 103
85 350
86 137
86 147
86 266
86 339
86 415
86 428
87 255
87 312
88 97
88 105
88 113
88 121
89 481
90 131
90 168
90 170
90 245
90 352
91 123
92 281
92 365
92 390
92 403
92 483
94 150
94 224
94 304
95 142
95 181
95 270
95 329
95 367
96 102
96 134
96 152
96 183
96 331
96 342
98 110
98 144
98 258
98 260
98 306
98 308
98 433
98 443
98 498
99 420
100 204
100 285
100 296
100 357
100 369
101 206
101 346
101 458
101 471
102 120
102 227
102 435
102 448
102 486
103 250
105 177
106 130
106 219
106 229
107 149
107 336
107 450
107 488
108 159
108 188
108 242
108 254
108 298
108 300
109 372
110 265
110 277
110 288
110 338
110 349
111 490
112 117
112 161
112 244
112 313
112 326
113 125
113 180
113 190
113 211
113 374
113 387
114 452
115 135
115 223
115 290
115 351
115 427
116 119
116 127
116 292
117 145
117 467
118 121
118 203
118 480
120 282
121 184
121 205
121 215
121 318
121 330
121 353
121 366
121 391
121 404
121 429
121 442
121 493
123 166
123 455
124 261
124 343
125 176
125 195
125 197
125 207
125 228
125 249
125 295
125 482
126 132
126 187
126 251
127 158
129 230
130 457
131 241
131 320
131 322
131 470
131 497
132 220
133 253
133 299
133 394
134 287
134 310
134 333
134 335
134 371
135 179
135 264
135 434
136 243
136 266
137 171
137 212
137 222
137 348
139 245
139 337
139 360
139 436
140 163
140 202
140 462
141 214
141 314
141 386
141 500
142 147
142 155
142 183
142 268
142 279
142 350
142 411
144 175
144 375
145 225
145 281
145 388
146 149
146 167
146 304
146 413
146 451
146 477
147 206
147 271
147 352
147 426
148 340
149 217
149 248
150 317
150 401
151 365
152 188
152 428
153 178
153 219
153 294
153 319
153 378
155 344
155 355
156 240
156 296
156 367
157 441
157 494
158 162
158 209
158 263
158 286
158 309
158 380
158 481
160 242
160 275
160 321
160 357
160 418
161 221
161 370
161 431
162 469
163 164
164 201
164 311
165 174
165 395
165 433
166 193
166 203
166 336
166 408
167 224
167 267
167 347
167 359
168 435
170 257
170 278
170 349
170 484
171 397
171 448
172 195
172 410
173 177
173 236
173 303
173 326
173 486
174 187
175 197
175 247
175 499
176 351
177 270
178 282
179 218
179 305
179 328
180 189
180 239
180 400
180 450
181 272
181 293
181 341
182 318
183 251
183 377
183 427
183 438
185 200
186 366
187 241
187 465
188 231
188 274
188 415
189 297
189 440
190 212
190 308
190 343
190 354
190 478
190 491
191 379
193 392
194 223
194 287
194 430
194 442
194 480
195 266
195 277
196 235
196 381
197 369
198 346
199 256
199 289
199 455
199 495
200 419
201 312
201 323
202 371
203 407
204 207
204 279
204 396
205 217
205 227
205 302
205 325
205 348
205 470
206 269
207 238
207 281
208 338
208 373
209 361
209 409
209 472
210 327
210 386
211 219
211 250
211 411
212 271
213 230
213 261
214 340
215 273
215 399
217 363
217 388
218 242
218 449
218 487
220 263
220 462
221 296
221 319
221 330
221 342
222 232
222 378
222 475
223 286
223 414
225 452
226 355
227 309
227 403
227 439
227 477
228 265
228 391
229 255
229 368
230 288
231 322
232 245
232 345
232 429
233 257
233 393
233 454
233 479
234 492
237 278
237 370
237 467
238 301
240 249
240 431
241 406
241 456
242 469
243 326
243 360
244 303
244 349
246 291
246 408
247 337
248 293
248 362
248 433
248 446
250 262
250 471
252 339
253 421
254 387
254 410
255 497
256 295
257 341
257 423
257 448
258 352
258 364
258 436
258 461
260 275
260 318
261 377
263 287
263 425
265 474
269 310
270 451
271 356
272 321
272 344
272 476
277 290
278 302
278 323
278 346
278 417
278 428
278 453
280 405
281 491
283 292
284 430
285 348
285 359
285 371
285 466
289 432
290 294
290 361
290 493
293 338
296 328
296 351
296 386
297 374
299 397
300 422
302 458
304 330
304 496
306 320
308 435
308 485
310 366
310 412
311 378
313 401
317 473
318 368
319 322
322 475
323 347
326 370
326 416
326 427
326 488
327 452
328 477
329 381
329 465
333 429
334 454
335 383
340 362
342 373
344 467
345 385
347 396
350 421
351 398
351 457
352 375
354 495
356 482
357 423
358 400
360 388
361 377
363 436
367 461
370 449
371 497
372 438
374 474
375 426
377 392
378 380
378 451
382 405
388 430
388 441
388 464
393 395
393 407
393 418
396 466
399 479
401 468
403 456
408 445
409 422
412 494
420 460
423 437
426 496
427 473
438 475
443 463
452 465
458 478
481 495
