1 10
1 19
1 53
1 111
1 136
1 160
1 214
1 334
1 344
1 389
1 392
2 58
2 96
2 172
2 197
2 205
2 219
2 249
2 257
2 359
2 389
2 397
3 17
3 51
3 81
3 149
3 176
3 188
3 289
3 298
3 306
3 338
3 396
4 67
4 84
4 124
4 142
4 154
4 176
4 229
4 247
4 257
4 330
4 360
5 89
5 102
5 112
5 147
5 206
5 209
5 218
5 259
5 352
5 381
5 384
6 66
6 112
6 145
6 160
6 204
6 219
6 230
6 277
6 343
6 358
6 386
7 16
7 139
7 157
7 175
7 176
7 193
7 203
7 212
7 291
7 302
7 384
8 12
8 151
8 228
8 231
8 317
8 326
8 353
8 359
8 361
8 384
8 386
9 24
9 30
9 57
9 187
9 225
9 229
9 279
9 314
9 349
9 355
9 385
10 61
10 74
10 87
10 151
10 157
10 161
10 227
10 236
10 334
10 343
11 13
11 121
11 189
11 211
11 257
11 262
11 263
11 322
11 347
11 350
11 396
12 24
12 31
12 55
12 109
12 144
12 184
12 192
12 260
12 384
12 389
13 23
13 60
13 80
13 91
13 96
13 188
13 204
13 210
13 389
13 396
14 26
14 28
14 33
14 56
14 82
14 108
14 189
14 267
14 269
14 305
14 383
15 55
15 110
15 122
15 198
15 268
15 280
15 301
15 322
15 346
15 351
15 374
16 20
16 75
16 103
16 127
16 141
16 167
16 274
16 346
16 377
16 382
17 111
17 117
17 118
17 151
17 231
17 283
17 284
17 295
17 344
17 358
18 33
18 59
18 98
18 145
18 190
18 282
18 285
18 329
18 332
18 351
18 352
19 103
19 181
19 198
19 262
19 267
19 281
19 315
19 369
19 373
19 386
20 38
20 124
20 137
20 184
20 211
20 237
20 247
20 279
20 351
20 369
21 30
21 49
21 73
21 91
21 115
21 156
21 166
21 221
21 237
21 246
21 256
22 59
22 68
22 91
22 103
22 104
22 124
22 202
22 310
22 318
22 362
22 372
23 30
23 113
23 185
23 189
23 216
23 264
23 271
23 327
23 335
23 371
24 71
24 137
24 168
24 180
24 210
24 240
24 281
24 327
24 364
25 46
25 85
25 194
25 206
25 220
25 235
25 241
25 246
25 257
25 334
25 379
26 34
26 76
26 121
26 150
26 178
26 209
26 240
26 287
26 322
26 356
27 28
27 80
27 132
27 154
27 208
27 290
27 303
27 326
27 341
27 376
27 379
28 40
28 166
28 184
28 221
28 225
28 249
28 296
28 312
28 394
29 52
29 73
29 101
29 121
29 253
29 307
29 319
29 358
29 361
29 367
29 398
30 57
30 156
30 162
30 221
30 249
30 261
30 274
30 281
31 42
31 70
31 90
31 129
31 184
31 263
31 275
31 313
31 348
31 374
32 48
32 92
32 143
32 183
32 261
32 269
32 290
32 329
32 338
32 351
32 371
33 74
33 77
33 163
33 191
33 284
33 318
33 332
33 344
33 390
34 40
34 77
34 93
34 169
34 202
34 205
34 234
34 290
34 327
34 373
35 80
35 90
35 141
35 152
35 170
35 200
35 201
35 204
35 284
35 351
35 390
36 45
36 132
36 227
36 245
36 247
36 250
36 257
36 261
36 349
36 381
36 395
37 39
37 49
37 81
37 107
37 138
37 150
37 210
37 226
37 259
37 309
37 391
38 74
38 93
38 100
38 186
38 234
38 252
38 255
38 289
38 370
38 392
39 45
39 58
39 71
39 73
39 194
39 234
39 248
39 264
39 363
39 364
40 78
40 94
40 99
40 138
40 144
40 177
40 204
40 244
40 322
41 87
41 116
41 221
41 222
41 242
41 313
41 344
41 347
41 363
41 368
41 379
42 47
42 110
42 112
42 195
42 226
42 241
42 274
42 276
42 362
42 390
43 62
43 102
43 146
43 151
43 196
43 313
43 347
43 366
43 368
43 380
43 392
44 53
44 105
44 112
44 138
44 202
44 268
44 276
44 313
44 322
44 372
44 382
45 46
45 81
45 126
45 144
45 231
45 241
45 336
45 375
45 385
46 142
46 152
46 168
46 220
46 223
46 317
46 333
46 377
46 391
47 70
47 122
47 139
47 203
47 226
47 278
47 306
47 331
47 362
47 388
48 64
48 96
48 172
48 178
48 187
48 192
48 234
48 235
48 381
48 396
49 58
49 116
49 119
49 140
49 179
49 233
49 277
49 358
49 378
50 97
50 128
50 163
50 207
50 269
50 276
50 287
50 319
50 322
50 360
50 368
51 107
51 118
51 211
51 235
51 285
51 342
51 362
51 363
51 366
51 382
52 90
52 114
52 194
52 244
52 284
52 296
52 339
52 367
52 379
52 380
53 61
53 128
53 160
53 185
53 237
53 255
53 330
53 344
53 364
54 69
54 80
54 123
54 182
54 198
54 226
54 264
54 299
54 332
54 352
54 380
55 83
55 111
55 221
55 261
55 265
55 300
55 305
55 328
55 350
56 165
56 166
56 199
56 201
56 220
56 286
56 349
56 350
56 359
56 390
57 64
57 93
57 148
57 179
57 194
57 228
57 240
57 260
57 358
58 65
58 147
58 157
58 158
58 237
58 294
58 318
58 342
59 100
59 252
59 271
59 274
59 277
59 306
59 309
59 330
59 345
60 113
60 115
60 143
60 148
60 232
60 260
60 262
60 344
60 367
60 378
61 89
61 153
61 169
61 217
61 242
61 297
61 327
61 366
61 394
62 99
62 126
62 161
62 186
62 266
62 281
62 322
62 324
62 359
62 380
63 70
63 85
63 90
63 98
63 137
63 140
63 176
63 225
63 322
63 341
63 368
64 136
64 207
64 223
64 283
64 296
64 313
64 333
64 336
64 369
65 67
65 77
65 86
65 115
65 132
65 136
65 229
65 230
65 241
65 361
66 134
66 184
66 205
66 319
66 324
66 340
66 358
66 372
66 380
66 387
67 98
67 163
67 175
67 257
67 316
67 321
67 324
67 348
67 350
68 90
68 133
68 173
68 185
68 190
68 200
68 205
68 224
68 248
68 314
69 89
69 93
69 111
69 119
69 129
69 145
69 182
69 307
69 308
69 350
70 86
70 155
70 224
70 269
70 288
70 304
70 334
70 382
71 86
71 102
71 160
71 165
71 187
71 192
71 250
71 275
71 372
72 74
72 96
72 211
72 241
72 262
72 289
72 315
72 317
72 318
72 345
72 361
73 177
73 197
73 200
73 233
73 253
73 255
73 265
73 272
74 86
74 98
74 142
74 254
74 285
74 286
74 319
75 92
75 98
75 178
75 216
75 219
75 228
75 242
75 249
75 275
75 343
76 135
76 155
76 169
76 198
76 208
76 274
76 284
76 345
76 353
76 356
77 113
77 143
77 162
77 180
77 261
77 281
77 303
77 315
78 102
78 120
78 138
78 151
78 171
78 200
78 233
78 260
78 336
78 379
79 91
79 93
79 140
79 161
79 248
79 263
79 324
79 343
79 348
79 368
79 375
80 126
80 131
80 224
80 246
80 309
80 356
80 387
81 138
81 232
81 236
81 255
81 273
81 289
81 347
81 382
82 87
82 93
82 120
82 140
82 150
82 154
82 199
82 281
82 337
82 386
83 125
83 140
83 180
83 199
83 203
83 218
83 230
83 241
83 310
83 323
84 138
84 152
84 188
84 255
84 285
84 292
84 303
84 349
84 363
84 366
85 162
85 170
85 327
85 340
85 344
85 349
85 369
85 376
85 385
86 108
86 143
86 193
86 228
86 273
86 326
86 337
87 103
87 125
87 130
87 179
87 217
87 224
87 286
87 335
88 149
88 172
88 173
88 184
88 188
88 247
88 250
88 293
88 323
88 326
88 368
89 141
89 148
89 189
89 295
89 354
89 356
89 362
89 394
90 94
90 147
90 195
90 210
90 320
90 377
91 111
91 186
91 208
91 258
91 306
91 335
91 361
92 159
92 165
92 167
92 174
92 175
92 203
92 220
92 239
92 272
93 169
93 215
93 216
93 299
93 395
94 108
94 115
94 219
94 222
94 269
94 270
94 292
94 324
94 371
95 101
95 112
95 132
95 137
95 159
95 179
95 214
95 274
95 306
95 346
95 388
96 138
96 164
96 223
96 338
96 341
96 370
96 393
97 151
97 160
97 178
97 200
97 225
97 240
97 284
97 310
97 315
97 370
98 122
98 183
98 200
98 312
98 378
98 383
99 101
99 141
99 184
99 211
99 216
99 291
99 354
99 371
99 378
100 144
100 164
100 176
100 185
100 227
100 331
100 364
100 369
100 395
101 130
101 189
101 214
101 224
101 226
101 332
101 379
101 397
102 130
102 160
102 301
102 337
102 371
102 374
102 381
103 132
103 152
103 235
103 294
103 295
103 315
103 354
104 121
104 173
104 244
104 295
104 305
104 321
104 340
104 349
104 369
104 392
105 118
105 168
105 209
105 217
105 221
105 259
105 294
105 326
105 384
105 388
106 157
106 202
106 222
106 235
106 290
106 295
106 303
106 321
106 329
106 364
106 396
107 113
107 117
107 148
107 153
107 177
107 244
107 280
107 291
107 318
108 124
108 173
108 176
108 230
108 241
108 279
108 325
108 372
109 168
109 206
109 235
109 246
109 272
109 276
109 294
109 302
109 323
109 393
110 122
110 124
110 162
110 176
110 300
110 358
110 373
110 376
110 387
111 171
111 300
111 319
111 331
111 360
111 378
112 117
112 158
112 173
112 259
112 289
112 393
113 154
113 167
113 173
113 294
113 296
113 327
113 360
114 118
114 155
114 162
114 174
114 175
114 197
114 272
114 286
114 311
114 398
115 197
115 212
115 216
115 275
115 277
115 329
115 365
116 134
116 177
116 211
116 253
116 264
116 284
116 292
116 347
116 395
117 121
117 133
117 142
117 143
117 156
117 216
117 297
117 304
118 142
118 193
118 246
118 269
118 282
118 330
118 365
119 133
119 184
119 229
119 292
119 302
119 311
119 336
119 363
119 365
120 156
120 194
120 203
120 230
120 298
120 303
120 312
120 357
120 370
121 135
121 152
121 197
121 323
121 336
121 383
122 173
122 245
122 246
122 285
122 356
122 357
122 394
123 127
123 128
123 206
123 224
123 229
123 250
123 258
123 260
123 263
123 369
124 164
124 306
124 353
124 361
124 380
124 395
125 135
125 230
125 239
125 252
125 268
125 305
125 325
125 355
125 397
126 182
126 190
126 218
126 257
126 311
126 316
126 326
126 358
127 145
127 159
127 168
127 227
127 232
127 233
127 240
127 280
127 334
128 147
128 158
128 168
128 198
128 210
128 240
128 257
128 376
129 176
129 178
129 251
129 262
129 291
129 304
129 365
129 385
129 392
130 150
130 162
130 187
130 201
130 269
130 275
130 297
130 330
131 143
131 161
131 206
131 250
131 271
131 301
131 302
131 367
131 373
131 394
132 169
132 244
132 261
132 304
132 318
132 393
133 180
133 195
133 254
133 262
133 277
133 299
133 350
133 398
134 164
134 201
134 208
134 211
134 222
134 351
134 369
134 383
134 392
135 158
135 170
135 193
135 215
135 249
135 314
135 337
135 385
136 140
136 165
136 188
136 224
136 245
136 256
136 287
136 361
137 175
137 178
137 188
137 206
137 242
137 256
137 266
138 180
138 228
138 267
138 279
139 142
139 159
139 219
139 250
139 265
139 276
139 291
139 345
139 359
140 148
140 231
140 245
140 352
140 367
141 176
141 187
141 191
141 288
141 314
141 316
141 386
142 155
142 186
142 299
142 372
142 385
143 174
143 278
143 297
143 304
143 387
144 182
144 248
144 254
144 261
144 268
144 277
144 281
145 168
145 259
145 267
145 293
145 295
145 309
145 316
146 166
146 174
146 179
146 205
146 206
146 234
146 253
146 279
146 315
146 379
147 158
147 202
147 263
147 270
147 321
147 338
147 375
148 252
148 299
148 316
148 348
148 354
148 397
149 212
149 220
149 249
149 253
149 267
149 278
149 321
149 342
149 385
150 201
150 240
150 272
150 310
150 349
150 371
150 379
151 158
151 258
151 282
151 307
151 390
152 165
152 235
152 268
152 275
152 313
152 339
153 185
153 218
153 224
153 265
153 308
153 312
153 340
153 342
153 383
154 182
154 198
154 251
154 309
154 331
154 349
154 395
155 193
155 210
155 211
155 222
155 311
155 332
155 387
156 214
156 244
156 252
156 300
156 327
156 374
156 381
157 165
157 172
157 237
157 275
157 320
157 340
157 341
158 198
158 238
158 245
158 286
158 342
159 179
159 188
159 190
159 191
159 246
159 253
159 363
160 172
160 188
160 208
160 220
160 355
161 178
161 196
161 265
161 268
161 314
161 372
161 391
162 171
162 177
162 181
162 243
162 261
163 194
163 256
163 259
163 325
163 357
163 367
163 374
163 378
164 190
164 208
164 243
164 248
164 256
164 283
164 290
165 190
165 229
165 321
165 342
165 353
166 172
166 196
166 267
166 276
166 280
166 307
166 313
167 204
167 221
167 279
167 285
167 334
167 372
167 389
167 398
168 190
168 222
168 266
168 297
169 172
169 225
169 226
169 233
169 322
169 334
170 192
170 196
170 207
170 284
170 332
170 357
170 377
170 389
171 192
171 199
171 213
171 272
171 287
171 326
171 348
171 385
172 278
172 325
172 347
172 367
173 189
173 293
173 350
173 384
174 198
174 243
174 253
174 268
174 275
174 292
174 353
175 221
175 229
175 258
175 308
175 317
175 332
176 177
176 278
177 203
177 292
177 328
177 361
177 377
178 276
178 282
178 283
178 301
179 199
179 302
179 369
179 384
179 398
180 220
180 249
180 317
180 319
180 324
180 392
181 204
181 227
181 233
181 267
181 276
181 277
181 293
181 317
181 341
182 251
182 258
182 266
182 311
182 314
182 322
183 193
183 197
183 203
183 215
183 231
183 266
183 324
183 331
183 392
184 258
184 339
184 364
185 215
185 334
185 340
185 342
185 357
185 362
186 212
186 216
186 283
186 310
186 319
186 365
186 374
187 226
187 278
187 290
187 307
187 308
187 318
188 218
188 365
188 383
189 214
189 309
189 315
189 331
189 336
190 198
190 308
190 388
190 389
191 196
191 203
191 207
191 231
191 245
191 282
191 374
191 393
192 264
192 298
192 307
192 317
192 320
192 330
193 210
193 245
193 289
193 337
193 381
194 214
194 248
194 315
194 341
194 344
195 200
195 215
195 228
195 296
195 346
195 350
195 354
195 398
196 273
196 340
196 380
196 383
196 386
196 388
197 209
197 230
197 326
197 328
197 331
198 201
198 278
199 208
199 253
199 309
199 328
199 332
199 353
200 224
200 258
200 291
200 397
201 220
201 270
201 282
201 307
201 338
202 205
202 251
202 273
202 293
202 300
202 320
203 224
203 244
203 346
204 215
204 303
204 312
204 323
204 373
205 260
205 308
205 345
205 353
205 365
206 212
206 236
206 266
206 359
207 245
207 256
207 277
207 329
207 343
207 364
207 384
208 255
208 259
208 277
208 323
209 217
209 223
209 267
209 294
209 296
209 332
209 333
210 253
210 261
210 268
210 279
211 213
211 254
211 311
212 239
212 243
212 267
212 301
212 363
212 379
213 222
213 262
213 271
213 288
213 317
213 351
213 355
213 371
213 393
214 288
214 309
214 366
214 395
214 398
215 217
215 236
215 265
215 288
215 348
216 232
216 366
216 377
216 390
217 218
217 252
217 324
217 339
217 374
217 397
218 227
218 229
218 260
218 394
218 398
219 249
219 269
219 291
219 304
219 324
219 357
220 239
220 276
220 320
221 248
221 273
221 294
222 238
222 239
222 351
222 378
223 260
223 279
223 280
223 300
223 303
223 307
223 377
224 356
225 269
225 305
225 308
225 320
225 362
225 386
226 231
226 243
226 272
226 364
227 247
227 271
227 291
227 318
227 351
228 238
228 255
228 321
228 372
228 395
229 270
229 309
229 327
230 258
230 283
230 298
230 359
231 245
231 257
231 277
231 375
232 240
232 268
232 317
232 319
232 333
232 341
232 387
233 281
233 286
233 332
233 347
233 355
234 254
234 271
234 310
234 367
234 368
234 396
235 252
235 253
235 273
235 325
236 279
236 319
236 339
236 365
236 367
236 373
236 393
237 295
237 300
237 314
237 316
237 337
237 365
238 247
238 254
238 263
238 270
238 294
238 312
238 320
238 368
239 273
239 288
239 308
239 352
239 376
239 391
240 241
240 306
240 331
241 254
241 333
241 398
242 264
242 305
242 310
242 318
242 336
242 354
242 368
243 247
243 265
243 271
243 311
243 365
243 381
244 288
244 348
244 356
244 362
245 254
245 368
246 274
246 295
246 330
246 385
247 306
247 343
247 375
247 384
248 259
248 271
248 299
248 346
249 325
249 363
249 364
250 265
250 307
250 351
250 380
250 396
251 278
251 309
251 329
251 358
251 361
251 362
251 366
252 287
252 325
252 348
252 354
253 371
254 288
254 304
254 315
255 336
255 360
255 389
255 398
256 263
256 271
256 299
256 325
256 345
257 314
257 395
258 265
258 335
258 337
259 319
259 335
259 338
260 298
260 307
260 311
261 318
261 363
262 292
262 331
262 342
262 359
263 292
263 344
263 356
263 360
264 273
264 294
264 355
264 368
264 387
265 270
265 374
266 293
266 296
266 307
266 324
266 391
267 308
267 397
268 300
268 382
269 284
269 356
270 271
270 293
270 346
270 367
270 376
271 328
272 297
272 309
272 375
272 381
273 283
273 301
273 375
274 284
274 287
274 367
274 381
275 330
275 354
275 396
276 322
276 343
277 337
278 288
278 386
278 394
279 328
279 387
280 290
280 320
280 352
280 370
280 373
280 391
281 304
281 316
281 317
282 285
282 286
282 291
282 328
282 333
283 312
283 360
283 378
283 380
284 336
285 342
285 357
285 373
285 383
286 310
286 312
286 313
286 338
287 296
287 304
287 333
287 360
287 380
288 338
288 378
289 302
289 310
289 346
289 355
289 392
290 293
290 352
290 380
290 390
291 344
291 382
292 301
292 303
292 347
293 299
293 340
293 354
294 345
294 388
295 335
295 370
295 379
296 338
296 353
296 363
297 314
297 330
297 333
297 335
297 360
298 303
298 317
298 343
298 366
298 372
298 394
299 312
299 346
299 377
300 312
300 321
300 345
301 314
301 319
301 348
301 392
302 320
302 325
302 344
302 374
302 397
303 306
303 308
304 325
304 395
305 329
305 349
305 350
305 363
305 370
306 340
306 343
308 382
310 329
310 336
311 321
311 338
311 384
312 328
313 339
313 370
313 391
314 335
315 316
315 376
316 346
316 355
316 382
318 349
320 362
320 396
321 352
321 357
323 343
323 351
323 355
323 377
323 391
324 355
325 359
326 345
326 354
326 364
327 360
327 390
327 391
328 375
328 376
328 389
329 341
329 357
329 377
330 362
330 398
331 339
331 386
332 352
333 337
333 359
333 391
334 341
334 353
334 390
335 340
335 376
335 387
336 358
337 387
337 393
338 357
339 341
339 345
339 388
339 393
340 378
341 370
342 347
342 393
343 373
345 393
346 354
347 378
347 394
348 352
348 388
349 364
350 394
350 397
352 370
353 388
353 389
355 381
356 357
356 390
358 366
359 373
360 397
361 375
361 382
365 369
366 392
366 396
369 383
370 394
371 375
371 376
371 387
372 385
373 386
374 397
375 391
376 383
377 389
379 396
381 395
382 390
383 388
384 385
386 388
398 399
399 400
400 401
400 402
400 403
400 404
400 405
400 406
400 407
400 408
400 409
400 410
400 411
400 412
400 413
400 414
400 415
400 416
400 417
400 418
400 419
400 420
400 421
400 422
400 423
400 424
400 425
400 426
400 427
400 428
400 429
400 430
400 431
400 432
400 433
400 434
400 435
400 436
400 437
400 438
400 439
400 440
400 441
400 442
400 443
400 444
400 445
400 446
400 447
400 448
400 449
400 450
400 451
400 452
400 453
400 454
400 455
400 456
400 457
400 458
400 459
400 460
400 461
400 462
400 463
400 464
400 465
400 466
400 467
400 468
400 469
400 470
400 471
400 472
400 473
400 474
400 475
400 476
400 477
400 478
400 479
400 480
400 481
400 482
400 483
400 484
400 485
400 486
400 487
400 488
400 489
400 490
400 491
400 492
400 493
400 494
400 495
400 496
400 497
400 498
400 499
401 402
401 499
402 403
403 404
404 405
405 406
406 407
407 408
408 409
409 410
410 411
411 412
412 413
413 414
414 415
415 416
416 417
417 418
418 419
419 420
420 421
421 422
422 423
423 424
424 425
425 426
426 427
427 428
428 429
429 430
430 431
431 432
432 433
433 434
434 435
435 436
436 437
437 438
438 439
439 440
440 441
441 442
442 443
443 444
444 445
445 446
446 447
447 448
448 449
449 450
450 451
451 452
452 453
453 454
454 455
455 456
456 457
457 458
458 459
459 460
460 461
461 462
462 463
463 464
464 465
465 466
466 467
467 468
468 469
469 470
470 471
471 472
472 473
473 474
474 475
475 476
476 477
477 478
478 479
479 480
480 481
481 482
482 483
483 484
484 485
485 486
486 487
487 488
488 489
489 490
490 491
491 492
492 493
493 494
494 495
495 496
496 497
497 498
498 499
