1 14
1 30
1 63
1 78
1 83
1 97
1 120
1 125
1 130
1 144
1 157
1 174
1 185
1 196
1 210
1 240
1 274
1 293
1 305
1 318
1 328
1 333
1 342
1 361
2 7
2 39
2 74
2 75
2 104
2 116
2 148
2 149
2 182
2 200
2 201
2 221
2 223
2 235
2 239
2 274
2 283
2 286
2 291
2 343
2 347
2 362
2 366
2 372
2 380
2 410
3 6
3 14
3 28
3 57
3 96
3 109
3 110
3 128
3 129
3 157
3 163
3 172
3 197
3 229
3 236
3 241
3 245
3 249
3 273
3 287
3 307
3 333
3 398
4 76
4 159
4 252
4 290
4 302
4 381
4 393
5 9
5 14
5 21
5 30
5 58
5 78
5 85
5 97
5 144
5 157
5 173
5 233
5 240
5 273
5 318
5 333
5 335
5 337
5 342
6 22
6 96
6 188
6 214
6 236
6 265
6 363
7 12
7 51
7 104
7 116
7 148
7 149
7 183
7 186
7 193
7 200
7 216
7 223
7 226
7 227
7 270
7 282
7 286
7 304
7 366
7 372
8 11
8 43
8 49
8 60
8 63
8 94
8 162
8 178
8 195
8 208
8 217
8 222
8 271
8 275
8 278
8 320
8 370
8 372
9 13
9 29
9 37
9 41
9 54
9 61
9 64
9 90
9 126
9 128
9 157
9 163
9 173
9 179
9 225
9 233
9 236
9 258
9 263
9 273
9 277
9 287
9 318
9 335
9 349
9 377
9 386
9 402
10 62
10 92
10 385
11 43
11 49
11 162
11 178
11 195
11 208
11 217
11 222
11 228
11 243
11 271
11 278
11 297
11 320
11 347
11 372
11 392
12 51
12 104
12 116
12 148
12 183
12 193
12 216
12 223
12 226
12 270
12 282
12 362
12 366
12 372
12 380
12 410
13 29
13 37
13 54
13 61
13 64
13 90
13 126
13 155
13 163
13 188
13 196
13 225
13 236
13 273
13 277
13 296
13 335
13 342
13 349
13 377
13 402
14 37
14 41
14 54
14 90
14 129
14 139
14 172
14 225
14 241
14 258
14 262
14 301
14 307
14 319
14 342
14 398
14 401
15 32
15 72
15 118
15 134
16 31
16 76
16 99
16 151
16 165
16 176
16 204
16 218
16 232
16 242
16 244
16 336
16 356
16 359
17 56
17 133
17 152
17 279
17 282
17 330
17 381
17 399
18 40
18 59
18 212
18 243
18 256
18 304
18 384
19 146
19 257
19 262
19 385
20 73
20 98
20 145
20 174
20 275
20 292
20 376
21 58
21 73
21 78
21 85
21 97
21 105
21 144
21 150
21 157
21 173
21 174
21 206
21 229
21 277
21 293
21 318
21 337
21 342
21 364
21 369
22 71
22 87
22 92
22 96
22 100
22 110
22 146
22 157
22 179
22 188
22 236
22 249
22 250
22 257
22 262
22 398
23 60
23 125
23 185
23 205
23 231
23 300
24 277
25 35
25 79
25 124
25 156
25 276
25 298
25 378
26 76
26 82
26 166
26 212
26 243
26 279
26 383
26 390
27 30
28 37
28 57
28 86
28 90
28 96
28 110
28 172
28 197
28 229
28 262
28 307
28 312
28 333
29 37
29 54
29 61
29 64
29 90
29 126
29 155
29 163
29 225
29 277
29 335
29 349
29 377
29 398
29 402
30 38
30 97
30 105
30 132
30 135
30 144
30 150
30 196
30 233
30 240
30 243
30 274
30 285
30 293
30 297
30 318
30 322
30 326
30 337
30 342
30 364
30 400
31 165
31 176
31 218
31 232
31 242
31 336
31 359
33 40
33 152
33 204
33 252
33 253
33 310
34 43
34 45
34 63
34 121
34 271
34 275
34 347
34 372
35 50
35 55
35 57
35 79
35 100
35 124
35 156
35 276
35 298
35 334
35 378
35 387
35 389
36 63
36 73
36 114
36 125
36 150
36 205
36 219
36 261
36 305
36 326
36 333
36 337
36 358
36 408
37 54
37 64
37 90
37 126
37 150
37 155
37 163
37 225
37 273
37 277
37 296
37 335
37 349
37 369
37 402
38 83
38 132
38 150
38 157
38 169
38 240
38 259
38 274
38 285
38 297
38 326
38 358
39 51
39 74
39 75
39 104
39 116
39 149
39 182
39 200
39 201
39 227
39 235
39 239
39 270
39 274
39 283
39 286
39 291
39 343
39 351
39 362
39 380
39 410
40 68
40 80
40 82
40 118
40 137
40 138
40 166
40 176
40 212
40 230
40 254
40 289
40 325
40 346
40 383
40 394
40 395
40 406
41 58
41 207
41 281
41 293
41 377
42 157
42 179
42 190
42 264
42 334
42 373
42 389
43 49
43 60
43 67
43 81
43 94
43 121
43 135
43 154
43 162
43 178
43 184
43 208
43 217
43 222
43 228
43 251
43 255
43 271
43 278
43 320
43 357
43 370
43 372
44 78
44 157
44 191
44 206
44 233
44 240
44 333
44 369
45 122
45 142
45 223
45 246
45 372
45 404
45 405
46 68
46 76
46 113
46 159
46 176
46 187
46 218
46 252
46 253
46 290
46 302
46 304
46 310
46 344
46 374
46 406
47 111
47 120
47 147
47 168
47 177
47 180
47 189
47 210
47 213
47 237
47 266
47 314
47 323
48 119
48 209
48 211
49 157
49 162
49 208
49 217
49 222
49 255
49 271
49 278
49 365
49 370
49 372
50 55
50 65
50 79
50 124
50 156
50 209
50 224
50 276
50 295
50 298
50 334
50 350
50 378
50 387
50 389
51 75
51 116
51 148
51 182
51 183
51 193
51 216
51 223
51 226
51 235
51 239
51 270
51 282
51 283
51 286
51 291
51 355
51 366
51 372
51 397
51 410
52 98
52 112
52 127
52 175
52 275
52 339
52 347
52 365
52 366
53 60
53 91
53 114
53 120
53 125
53 140
53 185
53 205
53 300
53 305
53 388
53 408
54 64
54 90
54 126
54 155
54 163
54 196
54 214
54 225
54 273
54 277
54 285
54 296
54 335
54 377
55 79
55 124
55 236
55 334
55 350
56 82
56 89
56 133
56 152
56 256
56 279
56 330
56 346
56 383
56 384
56 399
57 65
57 79
57 110
57 197
57 215
57 236
57 287
57 295
57 298
57 334
58 78
58 85
58 97
58 105
58 144
58 150
58 173
58 206
58 233
58 293
58 318
58 342
58 364
58 369
59 127
59 158
59 269
59 331
59 343
59 410
60 83
60 91
60 114
60 120
60 125
60 130
60 140
60 147
60 162
60 180
60 185
60 205
60 210
60 213
60 222
60 231
60 237
60 245
60 266
60 278
60 288
60 300
60 305
60 314
60 315
60 323
60 348
60 388
60 408
61 64
61 126
61 155
61 225
61 263
61 273
61 277
61 335
61 349
61 350
61 377
61 402
62 139
62 312
62 398
63 67
63 94
63 121
63 148
63 154
63 162
63 178
63 181
63 192
63 228
63 255
63 271
63 305
63 328
63 347
63 354
63 357
64 90
64 163
64 225
64 273
64 277
64 335
64 337
65 79
65 215
65 224
65 295
66 70
66 84
66 131
66 186
66 221
66 227
66 304
66 306
66 311
66 321
66 404
67 94
67 121
67 148
67 154
67 162
67 170
67 178
67 192
67 217
67 222
67 228
67 255
67 271
67 278
67 305
67 328
67 354
67 357
67 370
67 372
68 99
68 106
68 113
68 117
68 118
68 176
68 212
68 218
68 232
68 302
68 336
68 356
68 367
68 375
69 98
69 102
69 169
69 217
69 220
69 234
69 243
69 278
69 284
69 315
69 365
70 153
70 316
70 321
71 132
71 157
71 229
71 241
71 326
72 106
72 108
72 118
72 212
72 230
72 244
72 254
72 332
72 352
72 356
72 367
73 102
73 145
73 174
73 208
73 217
73 251
73 274
73 275
73 278
73 292
73 314
73 315
73 341
73 361
73 370
73 372
74 116
74 136
74 149
74 182
74 193
74 201
74 235
74 239
74 270
74 282
74 283
74 286
74 291
74 343
74 362
74 380
74 407
74 410
75 104
75 116
75 148
75 149
75 182
75 216
75 235
75 239
75 270
75 282
75 283
75 286
75 291
75 304
75 306
75 343
75 362
75 366
75 380
75 410
76 99
76 107
76 113
76 159
76 166
76 187
76 198
76 204
76 252
76 260
76 290
76 302
76 304
76 310
76 325
76 336
76 356
76 374
76 379
76 381
76 383
76 393
76 406
77 86
77 103
77 172
77 236
77 294
77 317
77 382
78 85
78 97
78 105
78 144
78 173
78 196
78 233
78 318
78 333
78 342
78 349
78 358
78 364
78 369
79 119
79 124
79 156
79 209
79 211
79 224
79 276
79 298
79 334
79 378
80 89
80 107
80 123
80 137
80 202
80 352
80 379
80 406
81 84
81 98
81 111
81 140
81 145
81 174
81 195
81 222
81 251
81 275
81 278
81 320
82 89
82 159
82 166
82 212
82 243
82 279
82 310
82 383
82 384
82 390
83 112
83 150
83 157
83 220
83 240
83 285
83 308
83 337
83 358
84 95
84 104
84 115
84 131
84 186
84 221
84 227
84 282
84 286
84 291
84 304
84 306
84 366
84 380
84 404
85 97
85 105
85 139
85 173
85 207
85 225
85 233
85 318
85 342
85 364
85 369
86 96
86 103
86 211
86 241
86 317
86 382
87 157
87 257
87 391
88 112
88 135
88 222
88 231
88 259
88 275
88 282
88 357
89 133
89 152
89 212
89 256
89 279
89 304
89 325
89 329
89 330
89 383
89 384
89 399
90 126
90 132
90 150
90 163
90 225
90 258
90 273
90 277
90 287
90 318
90 319
90 335
90 349
90 361
90 377
90 396
90 402
91 102
91 111
91 114
91 120
91 125
91 130
91 132
91 140
91 157
91 185
91 205
91 210
91 217
91 231
91 266
91 288
91 300
91 314
91 348
91 388
91 392
91 408
92 157
92 262
92 333
92 378
92 385
92 387
92 403
93 191
93 272
93 285
93 353
94 121
94 148
94 154
94 157
94 170
94 178
94 181
94 184
94 192
94 217
94 222
94 228
94 238
94 255
94 271
94 275
94 278
94 320
94 322
94 354
94 357
94 370
94 397
95 149
95 186
95 372
96 214
96 312
96 363
97 105
97 132
97 144
97 157
97 173
97 196
97 293
97 318
97 342
97 364
98 145
98 195
98 216
98 234
98 251
98 278
98 314
98 347
98 361
99 137
99 151
99 165
99 176
99 204
99 218
99 232
99 242
99 244
99 304
99 336
99 356
99 359
100 179
100 188
100 214
100 236
100 241
100 249
100 287
100 294
100 312
100 326
100 340
100 373
100 391
101 141
101 231
101 303
102 169
102 220
102 228
102 234
102 245
102 278
102 284
102 315
102 365
103 179
103 236
103 317
103 382
104 116
104 149
104 182
104 183
104 186
104 200
104 201
104 216
104 223
104 226
104 239
104 283
104 286
104 291
104 304
104 343
104 351
104 362
104 366
104 380
104 410
105 144
105 155
105 173
105 180
105 196
105 225
105 233
105 285
105 293
105 318
105 333
105 342
105 369
106 108
106 113
106 118
106 176
106 212
106 218
106 230
106 244
106 248
106 254
106 289
106 332
106 345
106 356
106 359
106 367
106 368
106 375
107 159
107 187
107 198
107 252
107 290
107 302
107 304
107 310
107 379
107 381
107 384
107 393
108 230
108 253
108 332
108 352
108 356
108 394
109 128
109 139
109 157
109 172
109 236
109 241
109 287
109 318
109 340
109 398
110 172
110 197
110 236
110 245
110 262
110 307
111 114
111 120
111 125
111 147
111 157
111 168
111 177
111 180
111 189
111 210
111 213
111 231
111 237
111 261
111 266
111 288
111 314
111 323
111 392
111 408
112 169
112 243
112 292
112 339
112 357
113 118
113 199
113 244
113 302
113 304
113 344
114 125
114 140
114 185
114 205
114 210
114 217
114 231
114 300
114 305
114 314
114 333
114 337
114 348
114 370
114 408
115 131
115 143
115 186
115 194
115 221
115 227
115 311
115 316
116 148
116 149
116 158
116 182
116 200
116 201
116 221
116 226
116 227
116 235
116 239
116 270
116 282
116 283
116 286
116 291
116 343
116 355
116 362
116 366
116 380
116 397
116 410
117 212
117 367
117 375
118 133
118 164
118 212
118 244
118 248
118 254
118 302
118 330
118 332
118 368
118 375
119 156
119 157
119 209
119 211
120 130
120 157
120 168
120 177
120 180
120 185
120 210
120 213
120 237
120 259
120 261
120 266
120 288
120 300
120 314
120 323
121 148
121 154
121 170
121 178
121 181
121 184
121 192
121 208
121 222
121 228
121 238
121 255
121 278
121 328
121 339
121 354
121 357
121 370
121 372
122 148
122 161
122 226
122 243
122 274
122 286
122 327
122 355
122 376
122 410
123 137
123 268
123 297
123 325
123 329
123 406
124 156
124 224
124 276
124 298
124 350
124 373
124 378
125 130
125 140
125 189
125 205
125 210
125 231
125 300
125 305
125 314
125 333
125 337
125 348
125 388
125 408
126 155
126 163
126 225
126 272
126 277
126 296
126 318
126 335
126 349
126 377
127 175
127 220
127 339
127 366
127 376
127 410
128 157
128 168
128 209
128 240
128 245
128 299
128 314
128 369
129 225
129 277
129 319
129 401
130 140
130 205
130 210
130 231
130 300
130 348
130 370
130 408
131 186
131 227
132 139
132 150
132 207
132 274
132 305
132 337
132 369
132 396
132 408
133 304
133 330
133 356
133 384
134 332
134 352
134 394
135 217
135 274
135 275
135 361
136 142
136 246
136 338
136 360
136 404
137 151
137 202
137 204
137 218
137 242
137 268
137 302
137 304
137 325
137 329
137 330
137 346
137 379
137 381
137 399
137 406
138 254
139 236
139 241
139 262
139 312
139 318
139 398
140 157
140 185
140 205
140 217
140 231
140 251
140 300
140 333
140 348
140 388
140 408
141 231
141 303
142 143
142 246
142 274
142 338
142 405
143 160
143 194
143 218
143 226
143 246
143 338
144 150
144 173
144 196
144 206
144 261
144 293
144 318
144 326
144 337
144 342
144 364
144 402
145 157
145 195
145 251
146 257
146 262
146 385
147 168
147 177
147 180
147 189
147 210
147 213
147 237
147 261
147 266
147 288
147 314
147 323
147 392
148 149
148 162
148 170
148 178
148 184
148 192
148 193
148 205
148 216
148 222
148 223
148 226
148 228
148 255
148 270
148 271
148 275
148 282
148 286
148 291
148 320
148 324
148 328
148 347
148 354
148 357
148 361
148 366
148 372
148 376
148 380
148 410
149 182
149 200
149 201
149 226
149 235
149 239
149 282
149 283
149 286
149 291
149 304
149 343
149 362
149 366
149 372
149 380
149 410
150 157
150 173
150 214
150 229
150 240
150 258
150 263
150 274
150 285
150 305
150 318
150 337
150 358
150 364
150 396
150 408
151 165
151 176
151 204
151 218
151 232
151 242
151 336
151 359
152 202
152 253
152 256
152 260
152 282
152 304
152 374
152 384
152 399
153 316
153 321
154 170
154 178
154 192
154 208
154 217
154 222
154 228
154 255
154 271
154 354
154 357
154 372
155 163
155 225
155 277
155 296
155 335
155 349
155 377
156 215
156 224
156 276
156 280
156 298
156 378
156 387
157 179
157 181
157 185
157 191
157 205
157 206
157 207
157 209
157 214
157 236
157 240
157 245
157 249
157 274
157 280
157 287
157 288
157 294
157 309
157 312
157 333
157 353
157 373
157 391
157 398
158 246
158 331
159 187
159 198
159 202
159 232
159 252
159 253
159 290
159 302
159 304
159 310
159 325
159 379
159 381
159 393
160 194
160 218
161 274
161 327
161 355
162 174
162 178
162 184
162 195
162 208
162 217
162 222
162 255
162 259
162 271
162 278
162 288
162 320
162 328
162 357
162 370
162 372
163 188
163 225
163 236
163 273
163 277
163 318
163 319
163 335
163 337
163 349
163 361
163 377
163 398
164 254
164 394
165 176
165 204
165 218
165 232
165 242
165 336
165 356
165 359
166 202
166 218
166 243
166 253
166 310
166 325
166 383
166 390
167 211
167 214
167 262
167 307
167 409
168 177
168 180
168 189
168 210
168 213
168 237
168 261
168 266
168 288
168 314
168 323
168 392
169 220
169 234
169 243
169 275
169 284
169 315
169 365
169 376
170 178
170 192
170 255
170 354
170 357
171 301
171 307
172 197
172 229
172 241
172 262
172 280
172 287
172 307
172 312
172 326
173 233
173 240
173 251
173 259
173 285
173 293
173 318
173 335
173 337
173 342
173 353
173 364
174 238
174 274
174 284
174 292
174 305
174 314
174 315
174 370
176 204
176 218
176 232
176 242
176 253
176 336
176 359
176 367
176 375
177 180
177 210
177 213
177 237
177 261
177 266
177 314
177 386
177 392
178 184
178 192
178 208
178 217
178 222
178 228
178 234
178 255
178 271
178 275
178 328
178 357
178 370
178 372
179 188
179 211
179 236
179 262
179 280
179 287
179 294
179 333
179 373
179 391
179 398
180 189
180 210
180 213
180 237
180 261
180 266
180 314
180 323
180 386
180 392
181 220
181 238
181 297
181 305
181 376
182 183
182 193
182 200
182 201
182 223
182 235
182 239
182 270
182 283
182 286
182 291
182 343
182 362
182 366
182 380
182 410
183 193
183 216
183 223
183 226
183 239
183 270
183 282
183 286
183 291
183 366
183 372
183 410
184 192
184 208
184 217
184 228
184 255
184 271
184 320
184 328
184 354
184 357
184 372
185 205
185 210
185 231
185 300
185 314
185 333
185 348
185 388
185 408
186 221
186 227
186 282
186 286
186 304
186 306
186 316
186 404
187 198
187 252
187 290
187 302
187 304
187 310
187 379
187 381
187 383
187 384
187 393
188 236
188 249
188 262
188 319
189 205
189 210
189 222
189 237
189 261
189 288
189 300
189 314
189 323
189 348
189 392
190 264
191 258
191 259
191 281
191 285
191 293
191 319
191 333
191 353
191 361
191 369
192 208
192 217
192 222
192 228
192 243
192 255
192 271
192 284
192 292
192 297
192 320
192 328
192 339
192 354
192 357
192 372
193 200
193 216
193 223
193 226
193 235
193 239
193 246
193 270
193 274
193 275
193 282
193 286
193 291
193 304
193 306
193 343
193 366
193 372
193 380
193 397
193 404
194 267
194 316
194 351
194 404
195 217
195 251
195 275
195 347
196 293
196 318
197 245
197 307
197 317
197 386
198 252
198 302
198 304
198 310
198 325
198 379
198 381
199 302
199 344
200 201
200 226
200 239
200 267
200 270
200 274
200 286
200 291
200 362
200 366
200 380
200 410
201 216
201 223
201 235
201 239
201 283
201 286
201 291
201 304
201 306
201 343
201 362
201 380
201 410
202 346
203 409
204 218
204 232
204 242
204 325
204 336
204 359
205 210
205 231
205 288
205 300
205 305
205 314
205 333
205 348
205 408
206 229
206 240
206 258
206 281
206 285
206 293
206 318
206 319
206 326
206 333
206 342
206 353
206 361
206 369
206 371
207 296
207 333
207 342
208 217
208 222
208 228
208 255
208 271
208 278
208 320
208 357
208 365
208 370
208 372
209 211
209 262
210 213
210 217
210 231
210 237
210 261
210 266
210 274
210 288
210 300
210 305
210 314
210 323
210 348
210 392
210 408
212 243
212 244
212 256
212 260
212 268
212 310
212 332
212 356
212 375
213 237
213 261
213 266
213 288
213 314
213 323
213 386
213 408
214 294
214 337
215 295
216 223
216 226
216 235
216 270
216 274
216 282
216 286
216 291
216 343
216 362
216 366
216 372
216 380
216 397
216 410
217 222
217 228
217 243
217 266
217 271
217 278
217 284
217 288
217 292
217 303
217 320
217 357
217 370
217 372
218 232
218 239
218 242
218 253
218 304
218 336
218 359
218 404
220 234
220 284
220 315
220 365
221 227
221 306
221 404
222 228
222 251
222 255
222 271
222 278
222 292
222 297
222 320
222 370
222 372
223 226
223 243
223 270
223 282
223 283
223 286
223 291
223 343
223 362
223 366
223 372
223 397
223 410
224 276
224 298
224 378
225 263
225 273
225 277
225 296
225 318
225 335
225 337
225 349
225 377
225 401
225 402
226 235
226 239
226 270
226 282
226 291
226 313
226 355
226 362
226 366
226 372
226 380
226 397
226 410
227 304
227 306
227 362
227 404
228 255
228 271
228 297
228 315
228 328
228 354
228 357
228 365
229 236
229 307
229 326
229 337
230 253
230 254
230 332
230 394
231 266
231 300
231 303
231 305
231 333
231 348
231 357
231 388
231 408
232 242
232 304
232 336
232 359
232 406
233 293
233 305
233 315
233 318
233 337
233 342
233 364
234 275
234 284
234 305
234 314
234 315
234 365
235 239
235 282
235 283
235 286
235 291
235 343
235 351
235 362
235 366
235 380
235 397
235 410
236 245
236 249
236 257
236 262
236 287
236 319
236 326
236 398
237 261
237 266
237 288
237 314
237 323
237 386
238 243
238 266
238 297
238 300
238 305
239 274
239 282
239 283
239 286
239 291
239 343
239 362
239 380
239 410
240 318
240 333
240 337
240 358
241 312
241 319
241 340
241 377
241 382
241 398
242 244
242 304
242 336
242 359
243 255
243 274
243 279
243 284
243 297
243 304
243 328
243 354
243 376
243 390
243 399
244 356
245 284
245 299
245 315
245 348
246 306
246 338
246 360
246 372
246 405
247 307
249 262
249 287
250 262
251 275
251 278
251 314
251 347
251 370
252 290
252 302
252 304
252 310
252 379
252 381
253 304
253 352
253 359
253 367
253 374
253 395
254 332
254 356
255 271
255 328
255 354
255 357
255 370
256 260
256 279
256 304
257 262
257 312
257 385
258 285
258 386
258 391
258 398
259 261
259 274
259 300
259 353
259 371
260 379
261 266
261 288
261 305
261 314
261 358
261 392
262 398
263 335
263 402
265 312
265 333
266 288
266 314
266 318
266 323
266 408
267 343
267 351
267 404
268 325
268 329
268 346
268 406
270 282
270 283
270 291
270 343
270 362
270 366
270 372
270 397
271 278
271 320
271 357
271 370
271 372
271 397
272 281
272 285
272 293
272 369
272 371
273 277
273 296
273 349
273 377
273 402
274 282
274 283
274 304
274 306
274 314
274 333
274 337
274 400
274 404
275 347
276 298
276 378
276 387
277 318
277 319
277 342
277 349
277 402
278 320
278 357
278 365
278 370
278 372
279 325
279 384
279 390
279 399
280 373
281 369
281 371
282 283
282 286
282 291
282 321
282 360
282 362
282 366
282 372
282 380
282 397
282 404
282 410
283 286
283 291
283 311
283 343
283 362
283 372
283 380
283 410
284 292
284 315
284 347
284 365
284 370
284 372
285 293
285 353
285 369
285 386
286 291
286 311
286 343
286 355
286 362
286 366
286 372
286 380
286 410
287 335
287 391
288 300
288 305
288 314
288 323
288 333
288 369
288 392
288 408
290 302
290 304
290 310
290 379
290 381
290 384
290 393
291 343
291 362
291 372
291 380
291 410
292 305
292 314
292 315
292 361
292 372
292 376
293 318
293 319
293 342
293 364
296 335
296 349
296 377
296 402
297 304
297 305
297 316
297 321
297 328
297 354
297 399
298 378
298 389
299 409
300 305
300 314
300 333
300 348
300 408
301 307
302 304
302 310
302 325
302 344
302 356
302 375
302 379
302 381
302 393
302 395
302 406
303 357
304 310
304 311
304 313
304 316
304 321
304 325
304 336
304 374
304 379
304 381
304 399
304 406
304 410
305 326
305 333
305 337
305 348
305 408
306 311
306 360
306 362
306 404
307 319
307 373
307 409
309 333
309 334
309 340
309 389
310 374
310 379
310 381
310 384
310 393
310 406
312 333
313 407
314 318
314 323
314 361
314 386
314 392
315 365
316 321
317 382
318 335
318 337
318 342
318 364
318 402
319 398
319 401
320 370
321 351
323 386
325 329
325 330
325 346
325 406
326 333
326 337
327 355
328 354
328 357
328 372
329 399
329 406
330 336
332 368
332 375
333 340
333 373
333 403
333 408
334 378
334 389
335 349
335 377
335 402
336 359
336 374
337 396
338 360
339 347
339 365
339 366
340 389
340 391
340 402
341 376
342 364
342 369
343 362
343 366
343 380
343 410
346 406
347 365
348 388
348 408
351 362
351 404
351 410
352 367
353 386
354 361
355 376
356 395
358 386
361 369
362 380
362 410
366 372
366 380
366 397
368 375
369 396
370 372
370 388
372 397
373 378
373 409
374 381
378 387
378 389
379 381
379 393
380 410
381 383
383 390
384 399
386 391
386 398
392 408
410 411
411 412
412 413
412 414
412 415
412 416
412 417
412 418
412 419
412 420
412 421
412 422
412 423
412 424
412 425
412 426
412 427
412 428
412 429
412 430
412 431
412 432
412 433
412 434
412 435
412 436
412 437
412 438
412 439
412 440
412 441
412 442
412 443
412 444
412 445
412 446
412 447
412 448
412 449
412 450
412 451
412 452
412 453
412 454
412 455
412 456
412 457
412 458
412 459
412 460
412 461
412 462
412 463
412 464
412 465
412 466
412 467
412 468
412 469
412 470
412 471
412 472
412 473
412 474
412 475
412 476
412 477
412 478
412 479
412 480
412 481
412 482
412 483
412 484
412 485
412 486
412 487
412 488
412 489
412 490
412 491
412 492
412 493
412 494
412 495
412 496
412 497
412 498
412 499
412 500
412 501
412 502
412 503
412 504
412 505
412 506
412 507
412 508
412 509
412 510
412 511
412 512
412 513
412 514
412 515
412 516
412 517
412 518
412 519
412 520
412 521
412 522
412 523
412 524
412 525
412 526
412 527
412 528
412 529
412 530
412 531
412 532
412 533
412 534
412 535
412 536
412 537
412 538
412 539
412 540
412 541
412 542
412 543
412 544
412 545
412 546
412 547
412 548
412 549
412 550
412 551
412 552
412 553
412 554
412 555
412 556
412 557
412 558
412 559
412 560
412 561
412 562
412 563
412 564
412 565
412 566
412 567
412 568
412 569
412 570
412 571
412 572
412 573
412 574
412 575
412 576
412 577
412 578
412 579
412 580
412 581
412 582
412 583
412 584
412 585
412 586
412 587
412 588
412 589
412 590
412 591
412 592
412 593
412 594
412 595
412 596
412 597
412 598
412 599
412 600
412 601
412 602
412 603
412 604
412 605
412 606
412 607
412 608
412 609
412 610
412 611
412 612
412 613
412 614
412 615
412 616
412 617
412 618
412 619
412 620
412 621
412 622
412 623
412 624
412 625
412 626
412 627
412 628
412 629
412 630
412 631
412 632
412 633
412 634
412 635
412 636
412 637
412 638
412 639
412 640
412 641
412 642
412 643
412 644
412 645
412 646
412 647
412 648
412 649
412 650
412 651
412 652
412 653
412 654
412 655
412 656
412 657
412 658
412 659
412 660
412 661
412 662
412 663
412 664
412 665
412 666
412 667
412 668
412 669
412 670
412 671
412 672
412 673
412 674
412 675
412 676
412 677
412 678
412 679
412 680
412 681
412 682
412 683
412 684
412 685
412 686
412 687
412 688
412 689
412 690
412 691
412 692
412 693
412 694
412 695
412 696
412 697
412 698
412 699
412 700
412 701
412 702
412 703
412 704
412 705
412 706
412 707
412 708
412 709
412 710
412 711
412 712
412 713
412 714
412 715
412 716
412 717
412 718
412 719
412 720
412 721
412 722
412 723
412 724
412 725
412 726
412 727
412 728
412 729
412 730
412 731
412 732
412 733
412 734
412 735
412 736
412 737
412 738
412 739
412 740
412 741
412 742
412 743
412 744
412 745
412 746
412 747
412 748
412 749
412 750
412 751
412 752
412 753
412 754
412 755
412 756
412 757
412 758
412 759
412 760
412 761
412 762
412 763
412 764
412 765
412 766
412 767
412 768
412 769
412 770
412 771
412 772
412 773
412 774
412 775
412 776
412 777
412 778
412 779
412 780
412 781
412 782
412 783
412 784
412 785
412 786
412 787
412 788
412 789
412 790
412 791
412 792
412 793
412 794
412 795
412 796
412 797
412 798
412 799
412 800
412 801
412 802
412 803
412 804
412 805
412 806
412 807
412 808
412 809
412 810
412 811
412 812
412 813
412 814
412 815
412 816
412 817
412 818
412 819
412 820
412 821
412 822
412 823
412 824
412 825
412 826
412 827
412 828
412 829
412 830
412 831
412 832
412 833
412 834
412 835
412 836
412 837
412 838
412 839
412 840
412 841
412 842
412 843
412 844
412 845
412 846
412 847
412 848
412 849
412 850
412 851
412 852
412 853
412 854
412 855
412 856
412 857
412 858
412 859
412 860
412 861
412 862
412 863
412 864
412 865
412 866
412 867
412 868
412 869
412 870
412 871
412 872
412 873
412 874
412 875
412 876
412 877
412 878
412 879
412 880
412 881
412 882
412 883
412 884
412 885
412 886
412 887
412 888
412 889
412 890
412 891
412 892
412 893
412 894
412 895
412 896
412 897
412 898
412 899
412 900
412 901
412 902
412 903
412 904
412 905
412 906
412 907
412 908
412 909
412 910
412 911
412 912
412 913
413 414
413 913
414 415
415 416
416 417
417 418
418 419
419 420
420 421
421 422
422 423
423 424
424 425
425 426
426 427
427 428
428 429
429 430
430 431
431 432
432 433
433 434
434 435
435 436
436 437
437 438
438 439
439 440
440 441
441 442
442 443
443 444
444 445
445 446
446 447
447 448
448 449
449 450
450 451
451 452
452 453
453 454
454 455
455 456
456 457
457 458
458 459
459 460
460 461
461 462
462 463
463 464
464 465
465 466
466 467
467 468
468 469
469 470
470 471
471 472
472 473
473 474
474 475
475 476
476 477
477 478
478 479
479 480
480 481
481 482
482 483
483 484
484 485
485 486
486 487
487 488
488 489
489 490
490 491
491 492
492 493
493 494
494 495
495 496
496 497
497 498
498 499
499 500
500 501
501 502
502 503
503 504
504 505
505 506
506 507
507 508
508 509
509 510
510 511
511 512
512 513
513 514
514 515
515 516
516 517
517 518
518 519
519 520
520 521
521 522
522 523
523 524
524 525
525 526
526 527
527 528
528 529
529 530
530 531
531 532
532 533
533 534
534 535
535 536
536 537
537 538
538 539
539 540
540 541
541 542
542 543
543 544
544 545
545 546
546 547
547 548
548 549
549 550
550 551
551 552
552 553
553 554
554 555
555 556
556 557
557 558
558 559
559 560
560 561
561 562
562 563
563 564
564 565
565 566
566 567
567 568
568 569
569 570
570 571
571 572
572 573
573 574
574 575
575 576
576 577
577 578
578 579
579 580
580 581
581 582
582 583
583 584
584 585
585 586
586 587
587 588
588 589
589 590
590 591
591 592
592 593
593 594
594 595
595 596
596 597
597 598
598 599
599 600
600 601
601 602
602 603
603 604
604 605
605 606
606 607
607 608
608 609
609 610
610 611
611 612
612 613
613 614
614 615
615 616
616 617
617 618
618 619
619 620
620 621
621 622
622 623
623 624
624 625
625 626
626 627
627 628
628 629
629 630
630 631
631 632
632 633
633 634
634 635
635 636
636 637
637 638
638 639
639 640
640 641
641 642
642 643
643 644
644 645
645 646
646 647
647 648
648 649
649 650
650 651
651 652
652 653
653 654
654 655
655 656
656 657
657 658
658 659
659 660
660 661
661 662
662 663
663 664
664 665
665 666
666 667
667 668
668 669
669 670
670 671
671 672
672 673
673 674
674 675
675 676
676 677
677 678
678 679
679 680
680 681
681 682
682 683
683 684
684 685
685 686
686 687
687 688
688 689
689 690
690 691
691 692
692 693
693 694
694 695
695 696
696 697
697 698
698 699
699 700
700 701
701 702
702 703
703 704
704 705
705 706
706 707
707 708
708 709
709 710
710 711
711 712
712 713
713 714
714 715
715 716
716 717
717 718
718 719
719 720
720 721
721 722
722 723
723 724
724 725
725 726
726 727
727 728
728 729
729 730
730 731
731 732
732 733
733 734
734 735
735 736
736 737
737 738
738 739
739 740
740 741
741 742
742 743
743 744
744 745
745 746
746 747
747 748
748 749
749 750
750 751
751 752
752 753
753 754
754 755
755 756
756 757
757 758
758 759
759 760
760 761
761 762
762 763
763 764
764 765
765 766
766 767
767 768
768 769
769 770
770 771
771 772
772 773
773 774
774 775
775 776
776 777
777 778
778 779
779 780
780 781
781 782
782 783
783 784
784 785
785 786
786 787
787 788
788 789
789 790
790 791
791 792
792 793
793 794
794 795
795 796
796 797
797 798
798 799
799 800
800 801
801 802
802 803
803 804
804 805
805 806
806 807
807 808
808 809
809 810
810 811
811 812
812 813
813 814
814 815
815 816
816 817
817 818
818 819
819 820
820 821
821 822
822 823
823 824
824 825
825 826
826 827
827 828
828 829
829 830
830 831
831 832
832 833
833 834
834 835
835 836
836 837
837 838
838 839
839 840
840 841
841 842
842 843
843 844
844 845
845 846
846 847
847 848
848 849
849 850
850 851
851 852
852 853
853 854
854 855
855 856
856 857
857 858
858 859
859 860
860 861
861 862
862 863
863 864
864 865
865 866
866 867
867 868
868 869
869 870
870 871
871 872
872 873
873 874
874 875
875 876
876 877
877 878
878 879
879 880
880 881
881 882
882 883
883 884
884 885
885 886
886 887
887 888
888 889
889 890
890 891
891 892
892 893
893 894
894 895
895 896
896 897
897 898
898 899
899 900
900 901
901 902
902 903
903 904
904 905
905 906
906 907
907 908
908 909
909 910
910 911
911 912
912 913
