0.001095 
0.002191 
0.004381 
0.076670 
0.089814 
0.168675 
0.212486 
0.278204 
0.314348 
0.354874 
0.340635 
0.364732 
0.375685 
0.385542 
0.397590 
0.396495 
0.400876 
0.398686 
0.387733 
0.403067 
0.414020 
0.419496 
0.414020 
0.416210 
0.415115 
0.428258 
0.438116 
0.428258 
0.432640 
0.421687 
0.441402 
0.456736 
0.488499 
0.533406 
0.590361 
0.649507 
0.686747 
0.717415 
0.767798 
0.778751 
0.777656 
0.776561 
0.790800 
0.803943 
0.817087 
0.797371 
0.808324 
0.805038 
0.789704 
0.790800 
0.805038 
0.814896 
0.829135 
0.801752 
0.814896 
0.775465 
0.776561 
0.801752 
0.796276 
0.790800 
0.782037 
0.809419 
0.819277 
0.830230 
0.797371 
0.773275 
0.772180 
0.764513 
0.786418 
0.767798 
0.785323 
0.792990 
0.806134 
0.800657 
0.809419 
0.811610 
0.834611 
0.811610 
0.810515 
0.819277 
0.806134 
0.802848 
0.812705 
0.791895 
0.796276 
0.794085 
0.803943 
0.799562 
0.783133 
0.811610 
0.790800 
0.806134 
0.815991 
0.798467 
0.809419 
0.821468 
0.808324 
0.818182 
0.809419 
0.782037 
