0.000656 
0.000656 
0.001312 
0.001969 
0.038714 
0.077428 
0.115486 
0.138451 
0.156168 
0.166010 
0.171916 
0.169948 
0.177165 
0.187664 
0.188320 
0.188320 
0.190289 
0.193570 
0.190289 
0.195538 
0.201444 
0.190945 
0.193570 
0.191601 
0.196850 
0.200131 
0.194226 
0.185039 
0.202756 
0.238189 
0.334646 
0.484908 
0.615486 
0.681102 
0.723097 
0.743438 
0.757874 
0.763780 
0.768373 
0.782808 
0.784121 
0.785433 
0.805774 
0.794619 
0.794619 
0.788714 
0.801837 
0.796588 
0.783465 
0.778871 
0.784121 
0.789370 
0.789370 
0.800525 
0.814961 
0.807087 
0.803806 
0.788058 
0.798556 
0.797900 
0.784121 
0.780184 
0.785433 
0.788714 
0.771654 
0.772310 
0.782152 
0.796588 
0.797900 
0.801181 
0.803806 
0.788714 
0.788058 
0.796588 
0.797900 
0.805118 
0.786089 
0.788058 
0.775591 
0.786089 
0.798556 
0.795276 
0.795932 
0.803806 
0.802493 
0.805118 
0.785433 
0.773622 
0.772310 
0.790026 
0.790026 
0.781496 
0.772966 
0.764436 
0.789370 
0.798556 
0.792651 
0.789370 
0.811024 
0.805118 
